## HISTOGRAM	java.lang.Integer
insert_size	All_Reads.fr_count
2	434
3	406
4	393
5	419
6	455
7	451
8	447
9	467
10	480
11	497
12	485
13	482
14	465
15	483
16	523
17	507
18	572
19	1850
20	1990
21	2600
22	1062
23	923
24	894
25	1145
26	982
27	1047
28	1014
29	1042
30	1098
31	1035
32	1054
33	1059
34	1111
35	1112
36	1074
37	1185
38	1063
39	1107
40	1172
41	1205
42	1216
43	1209
44	1271
45	1298
46	1331
47	1320
48	1397
49	1397
50	1395
51	1653
52	1390
53	1486
54	1474
55	1490
56	1523
57	1601
58	1929
59	2071
60	2148
61	2165
62	2250
63	2281
64	2296
65	2310
66	2383
67	2412
68	2492
69	2495
70	2597
71	2436
72	2566
73	2695
74	2708
75	2789
76	2955
77	2887
78	3057
79	3015
80	3030
81	3178
82	3117
83	3351
84	3301
85	3345
86	3448
87	3604
88	3599
89	3665
90	3865
91	3738
92	3891
93	4002
94	4260
95	4494
96	4434
97	4726
98	4698
99	4933
100	4836
101	4869
102	5011
103	5045
104	5091
105	5177
106	5179
107	5269
108	5252
109	5419
110	5312
111	5363
112	5400
113	5532
114	5556
115	5699
116	5659
117	5703
118	5667
119	5734
120	6052
121	6084
122	6046
123	6010
124	6233
125	6130
126	6333
127	6331
128	6483
129	6328
130	6603
131	6668
132	6694
133	6866
134	7042
135	7219
136	7506
137	7416
138	7665
139	7629
140	7757
141	7947
142	7965
143	8058
144	8058
145	8241
146	8341
147	8493
148	8722
149	8498
150	8558
151	8884
152	8845
153	8905
154	8958
155	9008
156	9320
157	9303
158	9245
159	9591
160	9782
161	9681
162	10001
163	10179
164	10262
165	10313
166	10505
167	10530
168	10726
169	10927
170	11153
171	11300
172	11315
173	11553
174	11542
175	11840
176	11684
177	12150
178	12392
179	12433
180	12932
181	13263
182	13562
183	13672
184	13764
185	14033
186	14457
187	14471
188	14499
189	14867
190	15136
191	15389
192	15439
193	15768
194	15768
195	16226
196	16136
197	16739
198	16930
199	16964
200	17441
201	17395
202	17832
203	18124
204	18341
205	18483
206	18819
207	19022
208	19667
209	19866
210	19796
211	20342
212	20451
213	21069
214	21184
215	21492
216	22047
217	22412
218	22883
219	23196
220	23477
221	23938
222	24344
223	24804
224	25041
225	25439
226	25916
227	26345
228	26373
229	27565
230	28045
231	28259
232	28921
233	29568
234	30310
235	30811
236	31309
237	31539
238	32167
239	32935
240	33542
241	34422
242	34650
243	35426
244	35616
245	36690
246	37442
247	37510
248	38446
249	39139
250	40474
251	41133
252	41520
253	42524
254	42873
255	43980
256	44304
257	45579
258	46308
259	47552
260	48051
261	49295
262	50297
263	51423
264	52339
265	53302
266	54239
267	55226
268	56136
269	57403
270	58571
271	59520
272	61437
273	61632
274	63684
275	64533
276	65516
277	66722
278	67795
279	68990
280	70865
281	72422
282	73883
283	75410
284	76670
285	77240
286	79223
287	80654
288	82167
289	83888
290	84956
291	87482
292	88789
293	90360
294	91348
295	93496
296	95005
297	96536
298	98165
299	100573
300	101577
301	103268
302	105618
303	107471
304	110242
305	111491
306	113189
307	115130
308	116672
309	118118
310	120197
311	121977
312	123957
313	125981
314	128065
315	129809
316	131335
317	133605
318	134983
319	136715
320	138267
321	140652
322	142309
323	144757
324	146822
325	148297
326	150629
327	152456
328	154434
329	155292
330	157355
331	158660
332	160647
333	162460
334	164339
335	166916
336	167629
337	169813
338	170663
339	172973
340	173442
341	175720
342	178242
343	179612
344	181243
345	182027
346	184028
347	186677
348	186978
349	188363
350	190120
351	190990
352	193987
353	193867
354	195563
355	197181
356	198801
357	200373
358	201777
359	202380
360	202515
361	203690
362	205375
363	206642
364	208339
365	208712
366	209650
367	210749
368	211497
369	212598
370	212661
371	214126
372	214139
373	214508
374	215381
375	216608
376	217858
377	217446
378	218283
379	218895
380	217583
381	219416
382	219021
383	219347
384	220449
385	219668
386	220524
387	220460
388	221111
389	220413
390	220316
391	219775
392	219620
393	221000
394	219735
395	220544
396	219673
397	219291
398	219654
399	219676
400	219686
401	218711
402	217234
403	217680
404	217619
405	217400
406	217147
407	216325
408	215567
409	214303
410	214450
411	212703
412	213030
413	212279
414	211432
415	210928
416	210084
417	208994
418	208088
419	207472
420	206809
421	205824
422	205704
423	204041
424	202770
425	203095
426	200324
427	200305
428	198912
429	198381
430	196116
431	196048
432	195243
433	195193
434	193445
435	191558
436	189724
437	189455
438	188631
439	187336
440	186936
441	185932
442	184134
443	183387
444	182062
445	180817
446	179553
447	178358
448	178278
449	176081
450	176514
451	174715
452	173003
453	172219
454	170549
455	168713
456	169273
457	166979
458	166951
459	165189
460	164098
461	162497
462	161845
463	160760
464	158871
465	158886
466	157432
467	155905
468	154325
469	153845
470	152306
471	151882
472	150037
473	148806
474	148244
475	146665
476	146360
477	144646
478	143435
479	142888
480	141937
481	140658
482	139525
483	138361
484	136704
485	136359
486	134245
487	133492
488	131875
489	130962
490	130471
491	129714
492	128456
493	127226
494	126538
495	124668
496	123918
497	122216
498	121218
499	119990
500	119256
501	119165
502	117318
503	115855
504	115587
505	113753
506	113635
507	112596
508	110777
509	110174
510	110071
511	108736
512	107919
513	106540
514	105598
515	104917
516	103630
517	102727
518	102889
519	102588
520	101968
521	100691
522	99492
523	98972
524	98404
525	96765
526	95755
527	94670
528	93437
529	91932
530	89937
531	89303
532	88236
533	88233
534	86742
535	85926
536	84900
537	84219
538	83513
539	81918
540	81160
541	80507
542	79732
543	79035
544	77870
545	76978
546	76636
547	75859
548	74583
549	73298
550	72812
551	72040
552	71114
553	70156
554	69329
555	68950
556	68122
557	67140
558	66493
559	65552
560	64837
561	64124
562	63242
563	62573
564	61882
565	60953
566	60557
567	59600
568	58730
569	58468
570	57497
571	56760
572	55608
573	55608
574	55126
575	53354
576	52882
577	52775
578	51968
579	51365
580	50552
581	49888
582	49613
583	48419
584	47651
585	47467
586	46541
587	45792
588	45400
589	44755
590	44099
591	43094
592	42970
593	42200
594	41495
595	41124
596	40414
597	40038
598	39115
599	38607
600	37686
601	36886
602	36712
603	36111
604	35626
605	34840
606	34117
607	33934
608	33313
609	33168
610	32409
611	31701
612	31839
613	31143
614	30511
615	29994
616	29682
617	29031
618	28583
619	28541
620	27887
621	27539
622	27117
623	26649
624	26350
625	25994
626	25464
627	24758
628	24529
629	24305
630	23797
631	23434
632	23118
633	22844
634	22090
635	22279
636	21767
637	21390
638	21280
639	20657
640	20504
641	20144
642	19758
643	19553
644	19066
645	18877
646	18597
647	18228
648	18109
649	17381
650	17593
651	16915
652	16859
653	16363
654	16291
655	15950
656	15494
657	15241
658	15197
659	14796
660	14601
661	14273
662	14217
663	13941
664	13942
665	13402
666	13376
667	13149
668	12866
669	12755
670	12445
671	12262
672	12012
673	11782
674	11688
675	11635
676	11303
677	11126
678	11186
679	10928
680	10705
681	10474
682	10244
683	10248
684	9952
685	9573
686	9727
687	9439
688	9372
689	9190
690	9264
691	9124
692	8867
693	8598
694	8614
695	8513
696	8366
697	8216
698	8098
699	7880
700	7657
701	7498
702	7532
703	7501
704	7347
705	7123
706	7047
707	6908
708	6935
709	6965
710	6675
711	6505
712	6496
713	6462
714	6366
715	6023
716	6075
717	5915
718	5864
719	5768
720	5757
721	5602
722	5596
723	5473
724	5530
725	5400
726	5320
727	5364
728	5054
729	5155
730	5004
731	4962
732	4869
733	4774
734	4678
735	4717
736	4656
737	4533
738	4453
739	4508
740	4304
741	4218
742	4235
743	4076
744	4162
745	4094
746	3887
747	4006
748	3955
749	3827
750	3851
751	3606
752	3683
753	3568
754	3497
755	3457
756	3429
757	3376
758	3302
759	3246
760	3206
761	3190
762	3187
763	3074
764	3227
765	3174
766	3116
767	3003
768	2962
769	3048
770	2867
771	2791
772	2725
773	2674
774	2611
775	2624
776	2569
777	2497
778	2585
779	2479
780	2380
781	2398
782	2267
783	2385
784	2263
785	2304
786	2232
787	2259
788	2154
789	2144
790	2093
791	2071
792	2077
793	2025
794	2006
795	1940
796	2026
797	1921
798	2039
799	1853
800	1846
801	1881
802	1891
803	1821
804	1800
805	1880
806	1770
807	1725
808	1685
809	1652
810	1609
811	1566
812	1530
813	1511
814	1580
815	1461
816	1447
817	1476
818	1447
819	1478
820	1426
821	1375
822	1420
823	1298
824	1354
825	1342
826	1297
827	1291
828	1297
829	1317
830	1309
831	1188
832	1211
833	1291
834	1182
835	1165
836	1163
837	1106
838	1063
839	1067
840	1033
841	1060
842	988
843	1044
844	995
845	943
846	1003
847	976
848	999
849	983
850	992
851	972
852	953
853	954
854	940
855	888
856	937
857	903
858	990
859	864
860	857
861	903
862	891
863	822
864	753
865	721
866	751
867	738
868	705
869	644
870	646
871	637
872	653
873	618
874	650
875	589
876	623
877	634
878	586
879	587
880	612
881	629
882	551
883	599
884	591
885	531
886	583
887	499
888	576
889	554
890	527
891	539
892	505
893	568
894	488
895	548
896	541
897	534
898	534
899	490
900	469
901	503
902	476
903	510
904	535
905	525
906	456
907	502
908	465
909	462
910	488
911	461
912	455
913	480
914	435
915	392
916	450
917	459
918	426
919	421
920	452
921	420
922	418
923	416
924	415
925	389
926	458
927	463
928	417
929	435
930	388
931	408
932	411
933	400
934	378
935	414
936	373
937	406
938	383
939	381
940	404
941	397
942	395
943	370
944	354
945	363
946	416
947	390
948	377
949	333
950	382
951	355
952	316
953	349
954	328
955	336
956	330
957	388
958	328
959	373
960	345
961	330
962	335
963	313
964	323
965	342
966	357
967	322
968	325
969	302
970	324
971	298
972	329
973	317
974	360
975	297
976	315
977	320
978	304
979	298
980	317
981	300
982	285
983	290
984	274
985	278
986	269
987	288
988	287
989	271
990	285
991	297
992	302
993	272
994	280
995	285
996	284
997	274
998	294
999	319
1000	292
1001	237
1002	257
1003	270
1004	239
1005	252
1006	266
1007	257
1008	296
1009	245
1010	257
1011	251
1012	274
1013	251
1014	216
1015	263
1016	234
1017	228
1018	262
1019	217
1020	252
1021	215
1022	245
1023	244
1024	236
1025	229
1026	235
1027	235
1028	231
1029	243
1030	240
1031	214
1032	246
1033	226
1034	199
1035	239
1036	222
1037	223
1038	234
1039	203
1040	202
1041	217
1042	238
1043	189
1044	205
1045	242
1046	226
1047	197
1048	182
1049	188
1050	198
1051	220
1052	196
1053	215
1054	191
1055	184
1056	200
1057	183
1058	207

