## HISTOGRAM	java.lang.Integer
insert_size	All_Reads.fr_count
2	391
3	437
4	405
5	430
6	429
7	429
8	412
9	447
10	425
11	433
12	437
13	541
14	615
15	598
16	610
17	651
18	786
19	2321
20	2945
21	4027
22	1742
23	1322
24	1287
25	1438
26	1091
27	1123
28	1172
29	1057
30	1131
31	1151
32	1167
33	1042
34	1091
35	1021
36	1073
37	1111
38	1047
39	1041
40	1033
41	1220
42	1497
43	1543
44	1530
45	1581
46	1764
47	1669
48	1682
49	1657
50	1732
51	1948
52	1785
53	1785
54	1720
55	1706
56	1739
57	1846
58	1966
59	1921
60	1941
61	2104
62	2117
63	2039
64	2117
65	2119
66	2149
67	2166
68	2217
69	2172
70	2223
71	2255
72	2445
73	2840
74	2942
75	3056
76	3215
77	3171
78	3233
79	3254
80	3364
81	3446
82	3471
83	3650
84	3633
85	3679
86	3678
87	3834
88	3864
89	3923
90	3934
91	4125
92	4313
93	4162
94	4066
95	4212
96	4288
97	4301
98	4419
99	4437
100	4429
101	4514
102	4711
103	4591
104	4708
105	4747
106	5044
107	5327
108	5599
109	5623
110	5579
111	5566
112	5789
113	5735
114	5730
115	5720
116	5856
117	5803
118	5858
119	6024
120	6076
121	6228
122	6276
123	6347
124	6484
125	6392
126	6684
127	6691
128	6859
129	6882
130	6915
131	6922
132	7162
133	7221
134	7344
135	7438
136	7476
137	7586
138	7734
139	7822
140	7899
141	8303
142	8114
143	8223
144	8578
145	9080
146	9186
147	9232
148	9541
149	9490
150	9629
151	9745
152	9822
153	9960
154	9914
155	10039
156	10122
157	10219
158	10490
159	10652
160	11018
161	10967
162	11345
163	11428
164	11345
165	11535
166	11787
167	12036
168	12127
169	12318
170	12749
171	13047
172	13119
173	13258
174	13439
175	13919
176	13718
177	14177
178	14488
179	14576
180	14738
181	15353
182	15534
183	15700
184	15754
185	16368
186	17172
187	17326
188	17545
189	18071
190	18500
191	18702
192	18813
193	19547
194	19825
195	19799
196	20646
197	21026
198	21376
199	21676
200	22232
201	22505
202	23080
203	23489
204	23606
205	24238
206	25074
207	25376
208	26028
209	26363
210	27215
211	27818
212	28212
213	29012
214	29382
215	30011
216	30836
217	31721
218	32157
219	33351
220	33411
221	34281
222	35083
223	35676
224	36655
225	37330
226	38205
227	39449
228	40412
229	41404
230	41967
231	42907
232	44056
233	44852
234	45727
235	46646
236	47682
237	49139
238	50555
239	51610
240	53059
241	54575
242	55619
243	56669
244	58001
245	58829
246	60228
247	61871
248	63459
249	64837
250	66814
251	68222
252	69457
253	70626
254	73088
255	73913
256	75014
257	77289
258	78771
259	81661
260	83217
261	85037
262	86845
263	88650
264	90641
265	92853
266	93719
267	96318
268	98324
269	100840
270	103490
271	105765
272	108117
273	110071
274	112492
275	114976
276	116449
277	118289
278	121556
279	123875
280	127302
281	130450
282	132341
283	134545
284	138469
285	141685
286	143519
287	146179
288	150396
289	151893
290	155736
291	158203
292	162231
293	164284
294	167702
295	170709
296	173112
297	177354
298	179937
299	183423
300	185879
301	189526
302	193869
303	198067
304	201414
305	204652
306	207876
307	209291
308	213835
309	216450
310	220899
311	223819
312	226960
313	230606
314	235007
315	237876
316	241548
317	243480
318	246477
319	249534
320	253078
321	256528
322	259536
323	263935
324	267713
325	269695
326	272792
327	276300
328	280002
329	282431
330	285988
331	289275
332	291351
333	295797
334	297670
335	300735
336	304054
337	306854
338	309777
339	311497
340	313695
341	316913
342	320078
343	322992
344	326130
345	328400
346	330052
347	332461
348	334160
349	336702
350	338031
351	339902
352	342189
353	343884
354	346014
355	349584
356	350180
357	353670
358	354160
359	355619
360	355044
361	358302
362	358921
363	359213
364	362007
365	363046
366	364339
367	364598
368	366130
369	368062
370	367538
371	368417
372	367748
373	368736
374	368806
375	368867
376	369086
377	370090
378	370701
379	370625
380	369997
381	369299
382	370151
383	370386
384	368780
385	369638
386	369199
387	369159
388	368032
389	368408
390	367557
391	366084
392	366039
393	364855
394	364996
395	363241
396	363622
397	360947
398	362057
399	359852
400	359087
401	358287
402	356048
403	355882
404	355268
405	352803
406	352362
407	351219
408	349258
409	348591
410	346968
411	346729
412	343723
413	342154
414	339444
415	339337
416	337169
417	335934
418	333913
419	332147
420	331498
421	329757
422	327130
423	324951
424	323673
425	322817
426	319808
427	318065
428	315682
429	316320
430	313418
431	311375
432	310297
433	307440
434	305326
435	303104
436	300731
437	299652
438	298589
439	296252
440	294327
441	293004
442	289974
443	288205
444	286524
445	283568
446	283288
447	281013
448	278234
449	277243
450	274519
451	272833
452	270254
453	268392
454	265892
455	264196
456	262813
457	260023
458	258134
459	255368
460	254212
461	252404
462	250711
463	248669
464	247111
465	244048
466	241985
467	240308
468	238757
469	236583
470	234128
471	232591
472	230923
473	227723
474	226472
475	223883
476	222136
477	219912
478	217458
479	216337
480	214600
481	212321
482	210226
483	208130
484	206586
485	204022
486	202423
487	200479
488	198317
489	196576
490	194655
491	193389
492	192435
493	188736
494	187332
495	185019
496	183544
497	181558
498	179372
499	177143
500	176575
501	173855
502	172997
503	171103
504	169327
505	168371
506	165732
507	163822
508	161193
509	160144
510	158279
511	155881
512	154717
513	151806
514	149883
515	148737
516	147495
517	145393
518	144602
519	143449
520	140243
521	139510
522	138208
523	136416
524	135078
525	133618
526	131980
527	129972
528	128635
529	126728
530	125646
531	123760
532	122616
533	120800
534	119481
535	117775
536	116570
537	115271
538	113143
539	111510
540	109790
541	108480
542	107865
543	105881
544	104475
545	103085
546	101271
547	100971
548	99104
549	97706
550	96626
551	95332
552	93542
553	92215
554	91775
555	91016
556	89218
557	87802
558	85740
559	85008
560	83873
561	83063
562	81482
563	80769
564	79076
565	78234
566	76954
567	76007
568	74471
569	73790
570	72686
571	71708
572	71050
573	69622
574	68896
575	67558
576	66572
577	65082
578	63762
579	62532
580	61905
581	61183
582	59787
583	59261
584	57991
585	57105
586	56455
587	55487
588	54175
589	53998
590	52602
591	52110
592	51328
593	50882
594	49443
595	49071
596	48198
597	47592
598	46917
599	45453
600	44903
601	44534
602	43122
603	42788
604	42429
605	41903
606	40851
607	39881
608	39735
609	39038
610	38079
611	37775
612	37203
613	36444
614	35676
615	34873
616	34467
617	33922
618	33414
619	33049
620	32620
621	31908
622	31179
623	30753
624	30305
625	29851
626	29074
627	28386
628	27976
629	27311
630	26888
631	26418
632	25965
633	25481
634	24968
635	24821
636	24614
637	23810
638	23647
639	23018
640	22686
641	22408
642	21676
643	21448
644	21292
645	20858
646	20416
647	20315
648	19850
649	19532
650	19102
651	18892
652	18230
653	18203
654	18040
655	17490
656	17052
657	16921
658	16742
659	16565
660	16102
661	15916
662	15728
663	15488
664	14998
665	14826
666	14688
667	14426
668	13988
669	13734
670	13522
671	13463
672	13144
673	12592
674	12422
675	12242
676	11754
677	11978
678	11601
679	11562
680	11251
681	11086
682	10903
683	10734
684	10610
685	10481
686	10074
687	10022
688	9953
689	9702
690	9502
691	9402
692	9059
693	9124
694	8769
695	8803
696	8658
697	8539
698	8496
699	8106
700	8200
701	8023
702	7747
703	7772
704	7604
705	7362
706	7343
707	7133
708	7035
709	6833
710	6601
711	6475
712	6450
713	6477
714	6229
715	6092
716	6212
717	6126
718	5872
719	5794
720	5718
721	5560
722	5511
723	5599
724	5324
725	5298
726	5147
727	5200
728	5098
729	5072
730	5065
731	4865
732	4830
733	4764
734	4660
735	4586
736	4603
737	4455
738	4402
739	4342
740	4267
741	4127
742	3972
743	3962
744	3806
745	3848
746	3714
747	3757
748	3647
749	3711
750	3663
751	3614
752	3429
753	3368
754	3364
755	3231
756	3198
757	3203
758	3176
759	3193
760	3100
761	3068
762	2947
763	2878
764	2934
765	2874
766	2810
767	2749
768	2710
769	2664
770	2617
771	2467
772	2548
773	2414
774	2426
775	2348
776	2383
777	2323
778	2187
779	2249
780	2188
781	2147
782	2164
783	2096
784	2164
785	2038
786	2013
787	2124
788	1977
789	1921
790	1922
791	1969
792	1848
793	1875
794	1840
795	1781
796	1761
797	1812
798	1860
799	1725
800	1637
801	1574
802	1623
803	1607
804	1603
805	1510
806	1516
807	1500
808	1450
809	1471
810	1439
811	1444
812	1405
813	1441
814	1432
815	1414
816	1368
817	1365
818	1382
819	1374
820	1251
821	1281
822	1246
823	1287
824	1304
825	1201
826	1148
827	1185
828	1131
829	1091
830	1019
831	876
832	909
833	875
834	887
835	871
836	935
837	860
838	865
839	876
840	867
841	782
842	848
843	820
844	775
845	750
846	777
847	761
848	796
849	786
850	752
851	783
852	733
853	733
854	717
855	756
856	717
857	737
858	716
859	715
860	665
861	708
862	635
863	669
864	661
865	642
866	663
867	658
868	647
869	647
870	603
871	621
872	636
873	557
874	602
875	612
876	577
877	544
878	519
879	572
880	585
881	615
882	556
883	585
884	581
885	544
886	517
887	493
888	529
889	528
890	507
891	551
892	491
893	549
894	556
895	513
896	502
897	502
898	529
899	495
900	465
901	491
902	480
903	449
904	459
905	428
906	465
907	429
908	455
909	422
910	474
911	484
912	450
913	378
914	437
915	404
916	430
917	420
918	427
919	403
920	419
921	405
922	457
923	399
924	384
925	380
926	395
927	365
928	383
929	421
930	353
931	366
932	374
933	364
934	361
935	351
936	388
937	357
938	376
939	384
940	447
941	335
942	372
943	342
944	385
945	386
946	324
947	351
948	355
949	347
950	319
951	335
952	341
953	347
954	332
955	327
956	309
957	299
958	347
959	314
960	316
961	322
962	318
963	292
964	320
965	347
966	314
967	337
968	282
969	261
970	333
971	271
972	283
973	274
974	260
975	275
976	276
977	274
978	303
979	269
980	287
981	313
982	286
983	236
984	256
985	295
986	274
987	252
988	259
989	260
990	250
991	273
992	246
993	229
994	257
995	249
996	259
997	250
998	275
999	236
1000	262
1001	241
1002	257
1003	243
1004	223
1005	230
1006	234
1007	236
1008	246
1009	237

