## HISTOGRAM	java.lang.Integer
coverage	high_quality_coverage_count
0	231982981
1	140814363
2	250453305
3	344533034
4	386255147
5	369096303
6	309473543
7	232823868
8	159355770
9	100490757
10	59001174
11	32543017
12	16999808
13	8529203
14	4183669
15	2064847
16	1064921
17	596165
18	378217
19	268502
20	206849
21	169921
22	143065
23	122397
24	103619
25	89891
26	79039
27	69218
28	61451
29	54660
30	48415
31	43216
32	39360
33	35523
34	32884
35	30357
36	27650
37	25100
38	22864
39	21315
40	19543
41	18225
42	16986
43	15609
44	14582
45	13256
46	12278
47	11655
48	11132
49	10774
50	10117
51	9328
52	8720
53	7866
54	7577
55	6873
56	6546
57	5930
58	5572
59	5206
60	4751
61	4577
62	4352
63	4006
64	3956
65	3611
66	3479
67	3344
68	3226
69	3083
70	2716
71	2608
72	2506
73	2331
74	2204
75	2152
76	1887
77	1882
78	1732
79	1703
80	1670
81	1570
82	1520
83	1538
84	1403
85	1388
86	1382
87	1278
88	1362
89	1281
90	1186
91	1210
92	1190
93	1158
94	1169
95	1099
96	1082
97	1151
98	1036
99	1017
100	939
101	950
102	881
103	878
104	888
105	841
106	810
107	816
108	777
109	799
110	805
111	737
112	767
113	736
114	704
115	732
116	676
117	671
118	679
119	605
120	591
121	625
122	581
123	633
124	557
125	600
126	667
127	617
128	582
129	545
130	579
131	578
132	676
133	654
134	673
135	635
136	720
137	680
138	712
139	651
140	646
141	625
142	611
143	571
144	594
145	613
146	569
147	621
148	610
149	587
150	572
151	576
152	551
153	541
154	532
155	581
156	557
157	534
158	606
159	604
160	578
161	605
162	585
163	563
164	570
165	633
166	589
167	597
168	589
169	553
170	601
171	604
172	633
173	637
174	663
175	676
176	673
177	651
178	688
179	699
180	735
181	717
182	730
183	683
184	653
185	717
186	660
187	681
188	705
189	763
190	759
191	762
192	718
193	789
194	786
195	774
196	786
197	798
198	789
199	740
200	781
201	788
202	852
203	818
204	793
205	813
206	771
207	783
208	773
209	739
210	715
211	755
212	728
213	738
214	764
215	739
216	701
217	734
218	774
219	713
220	748
221	768
222	777
223	704
224	768
225	740
226	733
227	808
228	741
229	763
230	753
231	693
232	697
233	637
234	647
235	659
236	650
237	645
238	621
239	614
240	571
241	582
242	577
243	565
244	583
245	550
246	530
247	566
248	473
249	503
250	42523

