## HISTOGRAM	java.lang.Integer
coverage	high_quality_coverage_count
0	109807639
1	23600726
2	46445007
3	84294735
4	133677312
5	187137008
6	235036310
7	268558245
8	281440538
9	273071945
10	246605336
11	208578950
12	166026581
13	124884342
14	89102446
15	60689183
16	39712823
17	25118427
18	15529352
19	9502602
20	5854492
21	3691370
22	2434444
23	1693267
24	1245545
25	966758
26	785883
27	651500
28	554407
29	476018
30	416473
31	363643
32	320192
33	284298
34	252914
35	230694
36	209202
37	188727
38	173558
39	158398
40	146983
41	134787
42	124830
43	117202
44	107783
45	100973
46	92745
47	87235
48	81791
49	74932
50	72370
51	68469
52	64759
53	62328
54	59356
55	56921
56	54309
57	52123
58	49474
59	47657
60	46658
61	44722
62	42925
63	40589
64	39033
65	38298
66	36385
67	34944
68	33538
69	32333
70	31296
71	29632
72	28535
73	27313
74	25349
75	24385
76	23175
77	22015
78	21030
79	20436
80	18913
81	18193
82	16982
83	16491
84	15406
85	15041
86	14544
87	13566
88	12825
89	12207
90	11835
91	11311
92	10808
93	10116
94	9510
95	8897
96	8713
97	8025
98	7574
99	6983
100	6872
101	6732
102	6520
103	5852
104	5602
105	5542
106	5197
107	4825
108	4444
109	4388
110	4222
111	4103
112	3887
113	3953
114	3964
115	3720
116	3792
117	3599
118	3631
119	3429
120	3208
121	3032
122	3032
123	3051
124	2751
125	2905
126	2781
127	2710
128	2698
129	2767
130	2592
131	2456
132	2411
133	2213
134	2233
135	2262
136	2274
137	2198
138	2182
139	2080
140	2011
141	1986
142	1958
143	2023
144	1924
145	1954
146	1729
147	1663
148	1732
149	1657
150	1669
151	1637
152	1563
153	1650
154	1559
155	1571
156	1531
157	1466
158	1495
159	1437
160	1371
161	1307
162	1303
163	1382
164	1371
165	1355
166	1312
167	1289
168	1263
169	1215
170	1235
171	1169
172	1123
173	1256
174	1236
175	1219
176	1192
177	1138
178	1135
179	1214
180	1134
181	1122
182	1186
183	1019
184	1073
185	1091
186	1116
187	1129
188	1082
189	995
190	1000
191	989
192	887
193	941
194	969
195	956
196	967
197	1013
198	986
199	1010
200	817
201	840
202	856
203	896
204	763
205	887
206	829
207	764
208	771
209	841
210	832
211	838
212	818
213	755
214	727
215	786
216	736
217	773
218	813
219	851
220	849
221	783
222	739
223	702
224	698
225	782
226	749
227	627
228	656
229	674
230	699
231	739
232	682
233	658
234	712
235	633
236	599
237	606
238	668
239	722
240	697
241	602
242	570
243	573
244	632
245	694
246	640
247	560
248	583
249	616
250	202240

