## HISTOGRAM	java.lang.Integer
insert_size	All_Reads.fr_count
2	546
3	520
4	512
5	515
6	550
7	509
8	531
9	522
10	546
11	572
12	566
13	552
14	649
15	697
16	728
17	785
18	824
19	2086
20	2632
21	3782
22	1522
23	1222
24	1248
25	1390
26	1226
27	1256
28	1213
29	1080
30	1238
31	1225
32	1235
33	1191
34	1267
35	1247
36	1227
37	1270
38	1262
39	1248
40	1335
41	1327
42	1338
43	1350
44	1423
45	1609
46	1829
47	1860
48	1995
49	1962
50	2013
51	2066
52	2115
53	2066
54	2161
55	2134
56	2152
57	2233
58	2242
59	2224
60	2333
61	2356
62	2429
63	2484
64	2494
65	2585
66	2562
67	2633
68	2639
69	2742
70	2900
71	2857
72	2925
73	3093
74	3029
75	3090
76	3273
77	3497
78	3995
79	4271
80	4316
81	4488
82	4334
83	4472
84	4483
85	4442
86	4475
87	4488
88	4562
89	4743
90	4775
91	4827
92	4863
93	4868
94	4923
95	4904
96	4949
97	5010
98	5101
99	5166
100	5339
101	5250
102	5370
103	5313
104	5427
105	5444
106	5631
107	5593
108	5447
109	5587
110	5444
111	5672
112	5701
113	6205
114	6329
115	6511
116	6383
117	6450
118	6357
119	6344
120	6550
121	6650
122	6544
123	6606
124	6574
125	6638
126	6631
127	6782
128	6612
129	6778
130	6808
131	6953
132	6876
133	7118
134	6971
135	7055
136	7019
137	7153
138	7147
139	7138
140	7388
141	7561
142	7386
143	7359
144	7382
145	7626
146	7677
147	7781
148	7885
149	7683
150	7665
151	7979
152	8128
153	8601
154	8473
155	8373
156	8507
157	8566
158	8536
159	8612
160	8729
161	8622
162	8905
163	8990
164	8929
165	9097
166	9121
167	9149
168	9496
169	9539
170	9501
171	9733
172	9697
173	9750
174	9961
175	10024
176	10211
177	10154
178	10285
179	10437
180	10573
181	10819
182	10879
183	11034
184	11399
185	11343
186	11614
187	11804
188	11817
189	11960
190	12297
191	12297
192	12454
193	12967
194	12894
195	13018
196	13331
197	13998
198	14239
199	14567
200	14718
201	14667
202	14973
203	15034
204	15566
205	16103
206	16126
207	16253
208	16888
209	16830
210	17467
211	17699
212	17898
213	18173
214	18674
215	19114
216	19293
217	19547
218	20288
219	20653
220	20884
221	21217
222	21777
223	22259
224	22746
225	23165
226	23606
227	24001
228	24551
229	25505
230	25627
231	26610
232	26808
233	27510
234	27723
235	28601
236	29265
237	29610
238	30409
239	31067
240	31951
241	32516
242	33367
243	34032
244	34741
245	35501
246	36430
247	37133
248	37907
249	38937
250	40225
251	41133
252	42091
253	43266
254	43971
255	44876
256	45712
257	46600
258	48057
259	49371
260	50155
261	51166
262	52971
263	53426
264	54937
265	55723
266	57089
267	58560
268	60138
269	61266
270	62691
271	64042
272	66003
273	67177
274	69143
275	69606
276	71248
277	72947
278	74521
279	76408
280	78025
281	80188
282	81080
283	83358
284	84901
285	87078
286	88561
287	90212
288	93029
289	94687
290	96552
291	99176
292	101074
293	102497
294	104781
295	106095
296	108104
297	110458
298	113031
299	115626
300	117562
301	119681
302	122647
303	123965
304	126764
305	129671
306	131602
307	134895
308	136248
309	138762
310	141093
311	143374
312	145966
313	148919
314	151552
315	153668
316	156171
317	157199
318	160808
319	164154
320	166971
321	170009
322	172496
323	175744
324	177644
325	180599
326	182636
327	185472
328	187823
329	190216
330	193195
331	194929
332	198952
333	201185
334	204365
335	205762
336	208630
337	210675
338	213313
339	215473
340	217383
341	220610
342	223277
343	225526
344	228128
345	230873
346	232142
347	234675
348	236728
349	238311
350	240831
351	243392
352	245783
353	248342
354	249969
355	252473
356	254172
357	256013
358	257483
359	258743
360	260773
361	262253
362	265039
363	265642
364	268232
365	270074
366	272070
367	273384
368	274525
369	275913
370	276428
371	278176
372	278327
373	280031
374	281191
375	282599
376	283614
377	286145
378	285989
379	285879
380	287835
381	288616
382	289118
383	289618
384	290508
385	291140
386	292035
387	292347
388	293330
389	293533
390	294070
391	293958
392	293391
393	294745
394	295429
395	294619
396	296026
397	295402
398	295823
399	296366
400	294907
401	295361
402	294522
403	294211
404	295155
405	294916
406	294491
407	293837
408	294408
409	294046
410	293552
411	292222
412	291956
413	290937
414	290734
415	290484
416	289879
417	289441
418	289011
419	287478
420	286653
421	286308
422	285399
423	284590
424	283448
425	283498
426	281911
427	281935
428	280491
429	279288
430	278955
431	277784
432	276669
433	274710
434	275311
435	273149
436	272771
437	271449
438	270724
439	269772
440	268171
441	267446
442	265716
443	264152
444	262145
445	262407
446	260871
447	259632
448	257889
449	257984
450	255654
451	254341
452	252995
453	251803
454	250331
455	248500
456	247819
457	246083
458	244612
459	244604
460	243209
461	241726
462	239553
463	237740
464	235923
465	234801
466	234065
467	232425
468	231321
469	229532
470	228094
471	227643
472	225062
473	223519
474	221902
475	220406
476	218318
477	216940
478	215498
479	214395
480	212613
481	211629
482	209980
483	209316
484	206609
485	206065
486	203701
487	201913
488	200382
489	198614
490	197853
491	196734
492	195741
493	193072
494	192707
495	189340
496	188433
497	187204
498	185125
499	183916
500	182276
501	180490
502	179273
503	178156
504	176016
505	174877
506	173128
507	171685
508	169830
509	169044
510	167090
511	165547
512	163458
513	162371
514	161310
515	160018
516	158164
517	156467
518	156731
519	155851
520	154257
521	153813
522	151931
523	150545
524	148778
525	147273
526	145033
527	143850
528	142858
529	141407
530	139456
531	138210
532	137131
533	135577
534	133433
535	132685
536	130312
537	128171
538	125984
539	124394
540	123195
541	122474
542	120772
543	119781
544	117884
545	117527
546	115631
547	114300
548	112689
549	111241
550	109398
551	109003
552	107774
553	106731
554	105121
555	104463
556	102822
557	101277
558	99943
559	99119
560	97700
561	96745
562	95016
563	94267
564	93327
565	91863
566	90610
567	89694
568	88434
569	87037
570	85901
571	84431
572	84405
573	83162
574	81512
575	80880
576	79660
577	78684
578	77496
579	75956
580	75465
581	73964
582	73332
583	72395
584	71479
585	70314
586	69093
587	68430
588	67180
589	66061
590	65661
591	64920
592	63491
593	63025
594	62178
595	61383
596	60045
597	59375
598	58261
599	58048
600	56683
601	55755
602	55043
603	54358
604	53428
605	52593
606	51467
607	50789
608	49800
609	49033
610	48294
611	48079
612	47218
613	46279
614	45725
615	45180
616	44774
617	43676
618	43231
619	42582
620	41996
621	41227
622	40632
623	39903
624	39366
625	38549
626	38234
627	37823
628	36993
629	36519
630	35999
631	35342
632	34831
633	34250
634	34029
635	33001
636	32930
637	31966
638	31645
639	31026
640	30932
641	30539
642	29917
643	29355
644	28791
645	28227
646	27948
647	27793
648	27396
649	27218
650	26686
651	26360
652	25657
653	25272
654	25052
655	24631
656	24169
657	23765
658	23264
659	22521
660	22358
661	21709
662	21442
663	21323
664	20723
665	20567
666	20070
667	19870
668	19797
669	19038
670	19149
671	18843
672	18589
673	18142
674	17934
675	17442
676	17225
677	17062
678	16752
679	16528
680	16128
681	15824
682	15565
683	15345
684	15241
685	14840
686	14701
687	14510
688	14205
689	13863
690	13936
691	13403
692	13436
693	13084
694	12926
695	12834
696	12544
697	12195
698	12214
699	11802
700	11813
701	11809
702	11318
703	10973
704	10899
705	10742
706	10590
707	10615
708	10292
709	10070
710	9881
711	9938
712	9649
713	9707
714	9427
715	9173
716	8979
717	8850
718	8775
719	8621
720	8630
721	8512
722	8429
723	8245
724	8121
725	8036
726	7764
727	7658
728	7710
729	7462
730	7471
731	7379
732	7279
733	7241
734	6942
735	7013
736	6744
737	6659
738	6621
739	6636
740	6630
741	6431
742	6229
743	6099
744	5853
745	5988
746	5829
747	5791
748	5705
749	5601
750	5530
751	5384
752	5444
753	5056
754	5172
755	5143
756	5054
757	4882
758	4916
759	4819
760	4875
761	4763
762	4666
763	4536
764	4399
765	4566
766	4474
767	4479
768	4447
769	4201
770	4288
771	4187
772	4289
773	4041
774	3988
775	4035
776	4015
777	3867
778	3841
779	3622
780	3664
781	3510
782	3477
783	3495
784	3453
785	3289
786	3329
787	3394
788	3142
789	3136
790	3202
791	3057
792	3074
793	3062
794	2996
795	2975
796	2984
797	2892
798	2879
799	2795
800	2773
801	2801
802	2736
803	2578
804	2749
805	2600
806	2618
807	2614
808	2506
809	2477
810	2401
811	2414
812	2391
813	2325
814	2264
815	2235
816	2159
817	2217
818	2090
819	2081
820	2184
821	2013
822	2118
823	2051
824	2092
825	1924
826	2011
827	1982
828	1902
829	1926
830	1937
831	1829
832	1818
833	1828
834	1734
835	1712
836	1699
837	1630
838	1709
839	1697
840	1612
841	1631
842	1537
843	1577
844	1491
845	1486
846	1527
847	1562
848	1483
849	1461
850	1476
851	1425
852	1394
853	1349
854	1449
855	1344
856	1406
857	1330
858	1322
859	1374
860	1292
861	1263
862	1289
863	1261
864	1235
865	1249
866	1205
867	1201
868	1269
869	1217
870	1200
871	1119
872	1087
873	1125
874	1092
875	965
876	946
877	929
878	958
879	935
880	900
881	912
882	875
883	912
884	848
885	880
886	853
887	829
888	865
889	836
890	849
891	825
892	835
893	868
894	803
895	811
896	801
897	773
898	836
899	791
900	797
901	741
902	759
903	767
904	705
905	709
906	750
907	723
908	721
909	731
910	687
911	665
912	700
913	742
914	640
915	706
916	719
917	697
918	601
919	628
920	670
921	673
922	639
923	653
924	617
925	646
926	646
927	645
928	585
929	616
930	597
931	607
932	595
933	621
934	619
935	580
936	581
937	561
938	637
939	606
940	542
941	606
942	585
943	566
944	558
945	486
946	558
947	535
948	622
949	521
950	535
951	521
952	555
953	569
954	528
955	549
956	549
957	478
958	562
959	511
960	470
961	518
962	493
963	511
964	485
965	489
966	511
967	443
968	442
969	488
970	450
971	447
972	469
973	460
974	473
975	496
976	437
977	462
978	446
979	480
980	391
981	408
982	438
983	451
984	377
985	444
986	434
987	409
988	441
989	427
990	444
991	457
992	405
993	395
994	403
995	387
996	409
997	383
998	405
999	425
1000	408
1001	398
1002	399
1003	397
1004	372
1005	356
1006	402
1007	356
1008	417
1009	352
1010	327
1011	329
1012	388
1013	367
1014	353
1015	399
1016	309
1017	350
1018	343
1019	357
1020	328
1021	354
1022	332
1023	374
1024	371
1025	344
1026	295
1027	340
1028	280
1029	330
1030	306
1031	297
1032	283
1033	314
1034	333
1035	347
1036	300
1037	312
1038	293
1039	290
1040	274
1041	272
1042	284
1043	310
1044	304
1045	284
1046	292
1047	283
1048	283
1049	296
1050	293
1051	265
1052	292
1053	275
1054	306
1055	292
1056	298
1057	267
1058	270
1059	253
1060	245
1061	262
1062	252
1063	260
1064	229
1065	238
1066	260
1067	237
1068	259
1069	264
1070	254

