## HISTOGRAM	java.lang.Integer
insert_size	All_Reads.fr_count
2	567
3	525
4	537
5	549
6	593
7	531
8	484
9	536
10	557
11	570
12	613
13	601
14	619
15	644
16	691
17	763
18	919
19	2673
20	3296
21	3573
22	1890
23	1541
24	1483
25	1617
26	1424
27	1414
28	1384
29	1317
30	1428
31	1462
32	1411
33	1244
34	1348
35	1487
36	1341
37	1428
38	1335
39	1383
40	1427
41	1384
42	1385
43	1430
44	1467
45	1515
46	1946
47	2034
48	2158
49	2169
50	2237
51	2434
52	2318
53	2350
54	2349
55	2419
56	2390
57	2374
58	2465
59	2381
60	2525
61	2691
62	2590
63	2790
64	2771
65	2822
66	2894
67	2883
68	2941
69	3041
70	3094
71	3080
72	3071
73	3167
74	2989
75	3027
76	3283
77	3902
78	4143
79	4239
80	4323
81	4509
82	4443
83	4571
84	4519
85	4709
86	4760
87	4811
88	4944
89	4966
90	5044
91	5217
92	5204
93	5200
94	5196
95	5246
96	5328
97	5357
98	5547
99	5577
100	5608
101	5752
102	5665
103	5663
104	5693
105	5900
106	5984
107	5865
108	5967
109	5909
110	6106
111	6665
112	6781
113	6877
114	6883
115	6926
116	6875
117	6822
118	7012
119	6907
120	7086
121	7039
122	7254
123	7099
124	7281
125	7333
126	7337
127	7221
128	7516
129	7585
130	7653
131	7691
132	7805
133	7858
134	7759
135	7778
136	8095
137	8143
138	8158
139	8184
140	8098
141	8644
142	8360
143	8486
144	8623
145	8499
146	8705
147	8745
148	9467
149	9500
150	9491
151	9850
152	9874
153	9893
154	9831
155	9903
156	9809
157	10152
158	10343
159	10272
160	10372
161	10457
162	10840
163	10843
164	11105
165	11108
166	11321
167	11443
168	11722
169	11817
170	11875
171	12484
172	12269
173	12651
174	12897
175	12931
176	13277
177	13539
178	13674
179	13789
180	14200
181	14216
182	14600
183	14830
184	15082
185	15485
186	16136
187	16095
188	16450
189	16539
190	16947
191	17943
192	18162
193	18777
194	18993
195	19300
196	19767
197	20141
198	20341
199	20791
200	21166
201	21571
202	22135
203	22490
204	23182
205	23573
206	24174
207	24885
208	25379
209	25977
210	26676
211	27421
212	27735
213	28651
214	28945
215	29679
216	30634
217	31514
218	31961
219	32759
220	34307
221	34920
222	35649
223	36259
224	37644
225	38352
226	39227
227	40334
228	41333
229	42607
230	43408
231	44661
232	46135
233	47085
234	48019
235	49180
236	50624
237	51752
238	53328
239	54808
240	56118
241	58401
242	59658
243	61226
244	62961
245	64542
246	65922
247	67904
248	69435
249	71529
250	73368
251	75472
252	77564
253	78816
254	80934
255	82965
256	85125
257	86673
258	89900
259	91864
260	93513
261	96899
262	99342
263	101733
264	104295
265	106441
266	108504
267	112028
268	114359
269	117277
270	119887
271	123058
272	126111
273	129676
274	131637
275	134998
276	137847
277	141433
278	144166
279	147345
280	151413
281	155334
282	158220
283	162121
284	166202
285	170361
286	173601
287	177986
288	182006
289	185396
290	188528
291	193439
292	197043
293	201328
294	205025
295	209070
296	212714
297	216350
298	220562
299	223832
300	228397
301	233140
302	237253
303	241750
304	246030
305	248900
306	255031
307	260621
308	264089
309	267963
310	272599
311	276813
312	281607
313	286163
314	290099
315	294615
316	298549
317	302317
318	306141
319	310846
320	313589
321	318495
322	323631
323	328320
324	332636
325	335880
326	341060
327	344208
328	348549
329	350242
330	354152
331	357915
332	361464
333	366380
334	370827
335	374455
336	377066
337	380887
338	382475
339	386926
340	388860
341	392379
342	395477
343	398639
344	402927
345	404349
346	408432
347	409774
348	412870
349	413877
350	417644
351	418878
352	422035
353	425857
354	426023
355	428710
356	431829
357	432560
358	434128
359	436512
360	436081
361	438097
362	440584
363	441037
364	444159
365	446160
366	445543
367	447051
368	447691
369	449055
370	449072
371	449174
372	450507
373	449919
374	451809
375	452456
376	453808
377	455535
378	453856
379	454053
380	452683
381	452654
382	452240
383	453463
384	453431
385	454630
386	454162
387	454127
388	453534
389	453340
390	451654
391	451989
392	450308
393	449290
394	448652
395	448598
396	450002
397	447144
398	446641
399	446082
400	444604
401	443151
402	442679
403	439826
404	438633
405	438109
406	438265
407	437160
408	433963
409	433938
410	432439
411	429282
412	428486
413	425851
414	423919
415	422602
416	422626
417	419573
418	420819
419	418364
420	415546
421	415112
422	412506
423	409681
424	406683
425	405866
426	403626
427	401421
428	400670
429	398315
430	396724
431	393854
432	391455
433	389069
434	385980
435	385790
436	382948
437	381560
438	380546
439	377636
440	374616
441	373478
442	370947
443	367543
444	365019
445	363257
446	359252
447	357933
448	355685
449	354119
450	352244
451	349189
452	346770
453	343997
454	342339
455	339275
456	337192
457	334374
458	332262
459	329242
460	327743
461	325483
462	322737
463	320929
464	317878
465	313826
466	312492
467	307860
468	307487
469	305200
470	302436
471	300657
472	299049
473	294501
474	292635
475	288198
476	287845
477	284538
478	282267
479	279986
480	278258
481	275075
482	272391
483	270226
484	267384
485	265373
486	261694
487	259713
488	257497
489	254544
490	252475
491	249937
492	247776
493	245551
494	242367
495	240747
496	237427
497	234873
498	232489
499	230243
500	228619
501	225853
502	224029
503	221046
504	219210
505	217087
506	214290
507	211649
508	210107
509	206832
510	205465
511	202995
512	200019
513	199134
514	196750
515	193459
516	191016
517	187469
518	185978
519	183836
520	182173
521	180177
522	178380
523	176267
524	174826
525	171993
526	169948
527	167899
528	165597
529	163563
530	161460
531	159658
532	157529
533	155651
534	154343
535	151035
536	150003
537	148363
538	146198
539	143766
540	142169
541	139876
542	138404
543	135951
544	134729
545	133254
546	130994
547	129271
548	127115
549	125488
550	123522
551	122541
552	120383
553	118932
554	117124
555	115811
556	113786
557	112342
558	110990
559	108736
560	107510
561	105657
562	104473
563	103406
564	101808
565	99828
566	98994
567	97172
568	95920
569	95026
570	92410
571	91643
572	90789
573	89138
574	88867
575	86651
576	85482
577	84112
578	82959
579	81463
580	79715
581	78151
582	76575
583	75250
584	74510
585	73471
586	71887
587	71078
588	70161
589	69787
590	67669
591	66734
592	66058
593	65181
594	64222
595	62913
596	61666
597	61280
598	60097
599	59290
600	58301
601	57430
602	56641
603	55583
604	54846
605	54277
606	53118
607	52184
608	51347
609	50393
610	50139
611	49083
612	48215
613	47367
614	46771
615	46169
616	45681
617	44656
618	44179
619	43305
620	42750
621	42058
622	41795
623	40877
624	40098
625	39255
626	38515
627	38500
628	37834
629	37086
630	36421
631	35748
632	35118
633	34428
634	33541
635	33613
636	33000
637	32403
638	31785
639	31412
640	30937
641	30535
642	30153
643	29570
644	28900
645	28335
646	28055
647	27847
648	27503
649	26833
650	26601
651	26243
652	25719
653	25728
654	25007
655	24703
656	24157
657	23940
658	23589
659	22964
660	22809
661	22553
662	21913
663	21861
664	21470
665	21216
666	20949
667	20702
668	20007
669	19963
670	19739
671	19384
672	18910
673	18843
674	18541
675	18126
676	17726
677	17573
678	17278
679	16773
680	16682
681	16369
682	16394
683	16337
684	15686
685	15549
686	15487
687	15342
688	14595
689	14783
690	14705
691	14281
692	14200
693	14122
694	13619
695	13659
696	13514
697	13237
698	12913
699	12838
700	12702
701	12556
702	12294
703	12260
704	11980
705	12029
706	11898
707	11793
708	11564
709	11260
710	11180
711	10845
712	10922
713	10535
714	10453
715	10308
716	10244
717	10153
718	9812
719	9724
720	9620
721	9815
722	9502
723	9333
724	9153
725	9121
726	9137
727	8825
728	8798
729	8700
730	8523
731	8659
732	8476
733	8334
734	8392
735	8226
736	8322
737	7978
738	7990
739	7804
740	7752
741	7513
742	7794
743	7519
744	7486
745	7317
746	7133
747	7133
748	6989
749	6860
750	6853
751	6847
752	6525
753	6569
754	6408
755	6374
756	6274
757	6318
758	6321
759	6260
760	6179
761	5990
762	5881
763	5946
764	5909
765	5984
766	5895
767	5593
768	5641
769	5655
770	5530
771	5496
772	5479
773	5528
774	5401
775	5238
776	5186
777	5116
778	4906
779	4913
780	4815
781	4789
782	4698
783	4760
784	4812
785	4610
786	4779
787	4571
788	4502
789	4499
790	4501
791	4565
792	4448
793	4456
794	4286
795	4333
796	4249
797	4255
798	4368
799	4224
800	4141
801	4106
802	3951
803	4139
804	4071
805	3967
806	4042
807	3876
808	3898
809	3760
810	3748
811	3727
812	3624
813	3613
814	3766
815	3640
816	3597
817	3592
818	3393
819	3547
820	3459
821	3429
822	3458
823	3474
824	3420
825	3423
826	3292
827	3318
828	3237
829	3354
830	3389
831	3157
832	3129
833	2974
834	3156
835	3191
836	2876
837	2698
838	2765
839	2863
840	2720
841	2485
842	2432
843	2453
844	2450
845	2443
846	2488
847	2406
848	2422
849	2388
850	2343
851	2348
852	2260
853	2349
854	2384
855	2260
856	2189
857	2216
858	2208
859	2200
860	2253
861	2113
862	2184
863	2185
864	2061
865	2106
866	2161
867	2054
868	2124
869	2082
870	2130
871	2034
872	2036
873	2104
874	2056
875	1947
876	2010
877	2009
878	1934
879	1916
880	1921
881	2012
882	1893
883	1876
884	1824
885	1898
886	1869
887	1861
888	1800
889	1777
890	1869
891	1759
892	1784
893	1752
894	1787
895	1821
896	1720
897	1734
898	1732
899	1754
900	1778
901	1734
902	1713
903	1684
904	1562
905	1647
906	1602
907	1611
908	1538
909	1609
910	1531
911	1565
912	1568
913	1539
914	1547
915	1525
916	1539
917	1502
918	1528
919	1527
920	1415
921	1512
922	1510
923	1481
924	1446
925	1426
926	1340
927	1437
928	1476
929	1411
930	1408
931	1370
932	1362
933	1417
934	1411
935	1362
936	1357
937	1313
938	1341
939	1360
940	1376
941	1360
942	1362
943	1383
944	1316
945	1306
946	1211
947	1228
948	1285
949	1255
950	1250
951	1248
952	1208
953	1159
954	1252
955	1246
956	1235
957	1149
958	1234
959	1203
960	1158
961	1231
962	1178
963	1142
964	1160
965	1159
966	1106
967	1157
968	1114
969	1037
970	1131
971	1163
972	1037
973	1053
974	1060
975	1025
976	1056
977	1016
978	1082
979	994
980	1060
981	999
982	959
983	1028
984	994
985	943
986	970
987	997
988	1029
989	995
990	984
991	975
992	938
993	961
994	928
995	892
996	972
997	887
998	909
999	951
1000	944
1001	889
1002	881
1003	849
1004	849
1005	845
1006	864
1007	839
1008	860
1009	832
1010	838
1011	816
1012	810
1013	835

