## HISTOGRAM	java.lang.Integer
insert_size	All_Reads.fr_count
2	346
3	355
4	342
5	352
6	381
7	385
8	379
9	368
10	371
11	391
12	387
13	405
14	411
15	496
16	531
17	582
18	640
19	1894
20	2238
21	1842
22	1426
23	1156
24	1150
25	1063
26	1033
27	937
28	1066
29	931
30	1053
31	1031
32	1082
33	955
34	982
35	928
36	998
37	958
38	953
39	926
40	983
41	977
42	1167
43	1373
44	1366
45	1347
46	1477
47	1369
48	1504
49	1467
50	1499
51	1563
52	1500
53	1503
54	1489
55	1464
56	1576
57	1532
58	1619
59	1708
60	1656
61	1669
62	1691
63	1724
64	1765
65	1724
66	1755
67	1785
68	1859
69	1865
70	1911
71	1961
72	2136
73	2470
74	2487
75	2577
76	2621
77	2702
78	2745
79	2824
80	2964
81	2967
82	2986
83	3043
84	3052
85	3146
86	3280
87	3302
88	3270
89	3374
90	3524
91	3559
92	3501
93	3579
94	3565
95	3704
96	3731
97	3816
98	3785
99	4012
100	3929
101	4059
102	3957
103	3990
104	4108
105	4397
106	4823
107	4739
108	4724
109	4766
110	4736
111	4746
112	4783
113	4869
114	4897
115	4917
116	4849
117	4987
118	5082
119	5003
120	5204
121	5220
122	5352
123	5294
124	5294
125	5436
126	5504
127	5685
128	5533
129	5612
130	5759
131	5924
132	5965
133	6095
134	6064
135	6155
136	6262
137	6313
138	6455
139	6439
140	6546
141	6698
142	7098
143	7153
144	7238
145	7453
146	7394
147	7622
148	7993
149	7680
150	7886
151	8180
152	8122
153	8278
154	8207
155	8336
156	8417
157	8447
158	8561
159	8783
160	8937
161	8921
162	8911
163	9383
164	9464
165	9569
166	9734
167	9800
168	10007
169	10245
170	10393
171	10727
172	10782
173	11171
174	11043
175	11372
176	11439
177	11836
178	12045
179	12271
180	12371
181	12675
182	13005
183	13167
184	13635
185	14007
186	14610
187	14567
188	14867
189	14988
190	15101
191	15524
192	16013
193	16299
194	16496
195	16955
196	17211
197	17539
198	18018
199	18329
200	18694
201	19139
202	19780
203	19927
204	20398
205	20666
206	21264
207	21605
208	22439
209	22600
210	23426
211	23805
212	24309
213	25044
214	25337
215	26076
216	26603
217	27351
218	27941
219	28595
220	29526
221	29998
222	30453
223	31412
224	32306
225	32747
226	33440
227	34487
228	35436
229	36116
230	36624
231	37739
232	38729
233	39568
234	40282
235	41681
236	42407
237	43460
238	44139
239	45721
240	46631
241	48118
242	49035
243	49479
244	50767
245	52477
246	53347
247	54664
248	55937
249	57393
250	58770
251	60159
252	61595
253	62894
254	64131
255	65761
256	67033
257	68892
258	70201
259	72179
260	74152
261	74869
262	77094
263	78772
264	80325
265	81961
266	83592
267	85480
268	88174
269	90019
270	91424
271	93608
272	95228
273	98084
274	99315
275	101641
276	103180
277	105178
278	107687
279	109657
280	112604
281	115082
282	116731
283	118589
284	122266
285	124066
286	127588
287	128956
288	132334
289	134543
290	135959
291	139292
292	142499
293	144031
294	147515
295	150090
296	153310
297	155682
298	157656
299	161645
300	162848
301	165905
302	169368
303	171662
304	173812
305	176312
306	179223
307	181311
308	183149
309	186361
310	189354
311	191297
312	194961
313	197887
314	199192
315	203062
316	205042
317	206829
318	208981
319	211558
320	213488
321	216619
322	219128
323	221355
324	224912
325	227153
326	229212
327	231248
328	233206
329	235511
330	236976
331	239188
332	243397
333	244044
334	246161
335	248057
336	250142
337	252416
338	252224
339	255061
340	256926
341	258088
342	260673
343	261604
344	262814
345	266127
346	267930
347	268551
348	269047
349	269592
350	271123
351	272441
352	273694
353	274663
354	276478
355	277401
356	277563
357	279423
358	279267
359	279439
360	280778
361	280662
362	281116
363	282395
364	282625
365	284321
366	285561
367	285054
368	283746
369	284396
370	284322
371	284057
372	283982
373	283901
374	284525
375	284109
376	284420
377	283987
378	284409
379	283499
380	282142
381	281903
382	281063
383	280689
384	280681
385	281075
386	280556
387	279705
388	279387
389	276712
390	277057
391	276030
392	274551
393	273977
394	272910
395	273791
396	271329
397	270649
398	269928
399	268631
400	268075
401	266887
402	265857
403	264062
404	263135
405	261814
406	261258
407	258777
408	259613
409	257667
410	255429
411	254588
412	252773
413	251862
414	251393
415	248758
416	247785
417	246031
418	245518
419	243343
420	241603
421	240198
422	239264
423	237023
424	235319
425	234253
426	231846
427	232662
428	229817
429	228508
430	227592
431	225771
432	224309
433	221835
434	220450
435	217904
436	217204
437	216566
438	213948
439	212611
440	210657
441	210143
442	208167
443	205971
444	204009
445	202002
446	201266
447	200230
448	197325
449	197215
450	194603
451	193002
452	191791
453	189209
454	187262
455	187197
456	185446
457	183594
458	181157
459	179386
460	179058
461	177261
462	175361
463	174184
464	171718
465	170252
466	168741
467	167320
468	165697
469	164070
470	162975
471	160361
472	159827
473	158482
474	156649
475	154640
476	152510
477	151745
478	149930
479	148434
480	146504
481	146283
482	144868
483	142472
484	141729
485	139993
486	137523
487	136492
488	135930
489	133140
490	132390
491	131091
492	129409
493	128374
494	126681
495	125548
496	123775
497	122069
498	119876
499	118427
500	117708
501	115932
502	114198
503	113435
504	111951
505	110892
506	108647
507	108044
508	106341
509	105287
510	102857
511	102752
512	101666
513	100248
514	98844
515	97916
516	95873
517	95199
518	94402
519	93452
520	92367
521	91323
522	90593
523	88754
524	88008
525	86421
526	85735
527	84455
528	83661
529	81712
530	80897
531	79034
532	78531
533	77310
534	76715
535	75581
536	74486
537	73297
538	72183
539	70815
540	69903
541	69209
542	68301
543	66791
544	66551
545	65332
546	64777
547	63421
548	62550
549	61910
550	61529
551	60233
552	59104
553	58133
554	57322
555	56718
556	55906
557	55032
558	53760
559	52628
560	51832
561	51345
562	50206
563	49317
564	48925
565	47880
566	47106
567	46626
568	45670
569	45188
570	44318
571	43490
572	42884
573	42204
574	41073
575	40931
576	39987
577	39424
578	38772
579	38305
580	37461
581	36796
582	36308
583	35581
584	34837
585	34604
586	33814
587	33375
588	32572
589	32443
590	31208
591	31022
592	30872
593	30109
594	29619
595	29367
596	28162
597	28142
598	27553
599	27149
600	26769
601	26344
602	25698
603	25430
604	24822
605	24806
606	24412
607	23659
608	23617
609	22796
610	22230
611	21772
612	21455
613	20923
614	20552
615	20188
616	19837
617	19658
618	19202
619	19102
620	18635
621	18247
622	18186
623	17798
624	17352
625	16781
626	16784
627	16451
628	16111
629	15841
630	15543
631	15432
632	15008
633	14671
634	14472
635	14585
636	14035
637	13910
638	13569
639	13324
640	13100
641	12882
642	12534
643	12534
644	12235
645	12098
646	11919
647	11470
648	11394
649	11334
650	11002
651	10770
652	10626
653	10536
654	10180
655	9768
656	9705
657	9915
658	9573
659	9263
660	9350
661	9011
662	8825
663	8745
664	8485
665	8434
666	8404
667	8187
668	8153
669	7924
670	7696
671	7615
672	7589
673	7498
674	7191
675	7314
676	7042
677	6758
678	6725
679	6716
680	6521
681	6592
682	6364
683	6290
684	6208
685	6011
686	5900
687	5925
688	5743
689	5639
690	5397
691	5417
692	5408
693	5272
694	5081
695	5053
696	4927
697	5011
698	4771
699	4624
700	4729
701	4622
702	4468
703	4361
704	4298
705	4307
706	4327
707	4184
708	4049
709	3980
710	4068
711	3999
712	3862
713	3795
714	3799
715	3754
716	3674
717	3543
718	3592
719	3484
720	3506
721	3359
722	3366
723	3268
724	3134
725	3044
726	3073
727	3108
728	3070
729	3035
730	2932
731	2874
732	2892
733	2869
734	2735
735	2783
736	2709
737	2598
738	2682
739	2655
740	2536
741	2607
742	2425
743	2518
744	2485
745	2378
746	2377
747	2434
748	2379
749	2285
750	2307
751	2147
752	2000
753	2067
754	1952
755	1969
756	1861
757	1932
758	1870
759	1811
760	1822
761	1829
762	1766
763	1761
764	1752
765	1709
766	1694
767	1680
768	1627
769	1664
770	1583
771	1603
772	1497
773	1528
774	1554
775	1500
776	1545
777	1389
778	1447
779	1453
780	1366
781	1418
782	1414
783	1409
784	1397
785	1267
786	1390
787	1266
788	1339
789	1256
790	1293
791	1228
792	1232
793	1260
794	1272
795	1284
796	1211
797	1210
798	1248
799	1171
800	1164
801	1137
802	1149
803	1207
804	1185
805	1048
806	956
807	911
808	970
809	871
810	811
811	733
812	802
813	790
814	761
815	754
816	750
817	750
818	720
819	738
820	750
821	664
822	699
823	689
824	660
825	648
826	665
827	650
828	673
829	627
830	638
831	617
832	636
833	599
834	601
835	608
836	595
837	554
838	572
839	597
840	588
841	630
842	589
843	595
844	600
845	579
846	554
847	532
848	530
849	535
850	537
851	518
852	535
853	528
854	504
855	540
856	515
857	527
858	498
859	521
860	463
861	476
862	528
863	466
864	507
865	488
866	485
867	468
868	438
869	442
870	434
871	437
872	457
873	451
874	414
875	424
876	478
877	447
878	410
879	435
880	444
881	393
882	396
883	413
884	392
885	396
886	380
887	373
888	443
889	389
890	366
891	386
892	373
893	385
894	418
895	385
896	417
897	366
898	357
899	380
900	378
901	350
902	360
903	322
904	344
905	352
906	338
907	361
908	346
909	392
910	310
911	299
912	344
913	323
914	347
915	372
916	330
917	305
918	311
919	324
920	333
921	346
922	322
923	325
924	307
925	313
926	312
927	330
928	308
929	294
930	312
931	280
932	279
933	293
934	290
935	284
936	309
937	271
938	305
939	291
940	266
941	254
942	279
943	277
944	273
945	299
946	249
947	281
948	275
949	281
950	283
951	247
952	223
953	248
954	240
955	263
956	240
957	251
958	238
959	220
960	263
961	226
962	265
963	246
964	264
965	228
966	259
967	264
968	250
969	220
970	238
971	234
972	224
973	251
974	206
975	224
976	238
977	219
978	218
979	222
980	211

