## HISTOGRAM	java.lang.Integer
insert_size	All_Reads.fr_count
2	516
3	517
4	547
5	557
6	541
7	525
8	503
9	536
10	568
11	584
12	653
13	650
14	708
15	660
16	769
17	766
18	884
19	3062
20	3920
21	5084
22	2099
23	1675
24	1528
25	1587
26	1391
27	1271
28	1338
29	1241
30	1348
31	1369
32	1411
33	1313
34	1328
35	1335
36	1310
37	1287
38	1574
39	1705
40	1895
41	1850
42	1893
43	1921
44	1976
45	1892
46	2067
47	1968
48	2154
49	2074
50	2211
51	2331
52	2195
53	2233
54	2227
55	2227
56	2180
57	2281
58	2293
59	2345
60	2399
61	2491
62	2509
63	2529
64	2594
65	2648
66	2812
67	2821
68	3261
69	3414
70	3667
71	3786
72	3802
73	3942
74	3966
75	4015
76	4198
77	4317
78	4274
79	4466
80	4576
81	4645
82	4705
83	4855
84	4884
85	5007
86	5139
87	5256
88	5340
89	5577
90	5680
91	5585
92	5748
93	5581
94	5784
95	5846
96	5879
97	5951
98	5951
99	6170
100	6545
101	6920
102	7190
103	7213
104	7175
105	7256
106	7341
107	7267
108	7397
109	7347
110	7472
111	7628
112	7876
113	7927
114	7872
115	8070
116	8077
117	8291
118	8451
119	8463
120	8553
121	8825
122	8907
123	8999
124	9332
125	9223
126	9312
127	9682
128	9510
129	9868
130	10129
131	10116
132	10366
133	10380
134	10782
135	10488
136	11276
137	11854
138	12080
139	12125
140	12255
141	12573
142	12641
143	12788
144	13226
145	13229
146	13448
147	13516
148	14169
149	14139
150	14370
151	14667
152	14928
153	15050
154	15099
155	15352
156	15544
157	15884
158	15965
159	16564
160	16643
161	17052
162	16937
163	17197
164	17764
165	18211
166	18632
167	18653
168	18914
169	19193
170	19909
171	20013
172	20487
173	20919
174	21098
175	21400
176	22021
177	22774
178	23168
179	23706
180	23970
181	24833
182	25119
183	25668
184	25767
185	26154
186	27369
187	27715
188	28067
189	28614
190	29331
191	29856
192	30427
193	31152
194	31427
195	32243
196	32753
197	33716
198	34269
199	34916
200	36038
201	36607
202	37504
203	38075
204	38967
205	39939
206	40371
207	41501
208	42551
209	43278
210	44791
211	45432
212	46361
213	47643
214	48355
215	49442
216	50451
217	51474
218	53325
219	54214
220	55229
221	57041
222	57826
223	58963
224	60306
225	61860
226	63885
227	65238
228	66595
229	68620
230	70103
231	71522
232	72778
233	74504
234	76254
235	77341
236	79732
237	81505
238	82966
239	85774
240	87513
241	89090
242	91754
243	93437
244	95461
245	97170
246	99687
247	102051
248	104597
249	106966
250	109047
251	112239
252	113536
253	116719
254	119525
255	121453
256	124239
257	127404
258	129657
259	133315
260	136028
261	139305
262	141747
263	144995
264	147684
265	151468
266	153931
267	156520
268	160680
269	163852
270	166800
271	171600
272	174132
273	177725
274	180596
275	184928
276	187570
277	191364
278	195451
279	199058
280	203972
281	207191
282	211213
283	215344
284	219972
285	224537
286	227735
287	232363
288	238473
289	242529
290	247525
291	250865
292	255174
293	259950
294	263254
295	267322
296	272306
297	274828
298	279890
299	284902
300	287658
301	292822
302	295884
303	300494
304	304886
305	309205
306	312410
307	316330
308	320945
309	324342
310	329032
311	332999
312	337831
313	341856
314	346219
315	350487
316	352985
317	357477
318	359936
319	363640
320	367078
321	370558
322	375416
323	379568
324	382446
325	385752
326	389384
327	391040
328	393984
329	396941
330	399937
331	402716
332	405038
333	409560
334	412788
335	415594
336	417131
337	418872
338	421103
339	424829
340	425246
341	428230
342	428518
343	432378
344	434711
345	437039
346	437123
347	438265
348	439179
349	441434
350	442164
351	443173
352	444984
353	444661
354	447199
355	449456
356	449131
357	449851
358	450780
359	450848
360	450204
361	450643
362	450355
363	450411
364	451578
365	451223
366	451156
367	451619
368	451284
369	451201
370	449940
371	450261
372	449242
373	448272
374	447022
375	447924
376	446624
377	445640
378	444878
379	444543
380	442103
381	442008
382	438964
383	437908
384	437461
385	436789
386	435684
387	433567
388	432217
389	430594
390	428735
391	425301
392	426645
393	422955
394	421463
395	419951
396	417908
397	416787
398	416103
399	414148
400	411406
401	408732
402	406947
403	404565
404	401721
405	399994
406	397796
407	397081
408	394675
409	391856
410	389562
411	387636
412	384575
413	380667
414	378461
415	376447
416	375123
417	371867
418	370218
419	367106
420	365082
421	362166
422	358516
423	356074
424	353625
425	351076
426	347813
427	347172
428	344818
429	342428
430	338733
431	336241
432	333079
433	330905
434	328197
435	325563
436	322220
437	319663
438	317659
439	314175
440	312877
441	309605
442	307297
443	303905
444	299982
445	297739
446	295523
447	293364
448	290204
449	288384
450	286856
451	283140
452	281397
453	276860
454	273390
455	272270
456	268644
457	267020
458	265150
459	261312
460	260156
461	258013
462	254174
463	252340
464	249150
465	245727
466	243287
467	241345
468	238726
469	236571
470	233983
471	231808
472	229166
473	226954
474	224346
475	221137
476	219012
477	216683
478	213515
479	211761
480	208655
481	206570
482	205259
483	202966
484	200620
485	197387
486	194728
487	192225
488	189721
489	187207
490	183603
491	181844
492	180474
493	177628
494	175555
495	173177
496	171237
497	169769
498	166892
499	165013
500	163439
501	161127
502	158060
503	157916
504	154798
505	152356
506	150004
507	148625
508	146857
509	144232
510	142291
511	141003
512	138734
513	137613
514	135234
515	133676
516	132264
517	129312
518	128701
519	127198
520	125172
521	122757
522	121810
523	120202
524	118084
525	115786
526	114412
527	113251
528	111088
529	110004
530	108122
531	105974
532	104719
533	103401
534	102490
535	100295
536	98974
537	96995
538	96009
539	94687
540	93096
541	91144
542	90490
543	88877
544	87932
545	86611
546	84908
547	83513
548	82242
549	80706
550	79117
551	77348
552	76090
553	74808
554	73898
555	72383
556	71350
557	70371
558	69186
559	67907
560	66796
561	65833
562	64509
563	63083
564	62642
565	61201
566	60327
567	59184
568	58313
569	57432
570	56348
571	55322
572	54768
573	53889
574	52425
575	51933
576	51114
577	50033
578	49058
579	48053
580	47669
581	46901
582	45912
583	45106
584	44526
585	43558
586	42971
587	41858
588	41042
589	40530
590	39693
591	38910
592	38499
593	37442
594	36826
595	36330
596	35550
597	35338
598	34262
599	33769
600	32968
601	32379
602	31263
603	31357
604	30280
605	29949
606	29240
607	28834
608	28100
609	28012
610	27317
611	26755
612	26522
613	25878
614	25187
615	24804
616	24233
617	24308
618	23603
619	23428
620	23076
621	21966
622	22008
623	21661
624	21007
625	20894
626	20514
627	19970
628	19851
629	19173
630	18934
631	18689
632	18188
633	17906
634	17761
635	17291
636	17001
637	16619
638	16188
639	16279
640	15688
641	15530
642	14990
643	14787
644	14410
645	14275
646	13835
647	13727
648	13678
649	13215
650	12990
651	12892
652	12451
653	12551
654	12189
655	12008
656	11708
657	11635
658	11444
659	11131
660	10971
661	10871
662	10488
663	10500
664	10198
665	9913
666	9756
667	9787
668	9520
669	9465
670	9100
671	8929
672	8867
673	8877
674	8574
675	8354
676	7998
677	8000
678	7866
679	7770
680	7497
681	7259
682	7451
683	7201
684	7107
685	6806
686	6825
687	6749
688	6452
689	6426
690	6265
691	6219
692	6189
693	6070
694	5836
695	5840
696	5789
697	5723
698	5585
699	5441
700	5291
701	5299
702	5163
703	5123
704	5070
705	4978
706	4980
707	4809
708	4675
709	4592
710	4472
711	4350
712	4392
713	4237
714	4246
715	4060
716	4185
717	3947
718	3929
719	3861
720	3891
721	3756
722	3709
723	3780
724	3700
725	3597
726	3568
727	3494
728	3454
729	3359
730	3300
731	3348
732	3141
733	3252
734	3185
735	3160
736	3075
737	2959
738	2965
739	2820
740	2739
741	2776
742	2728
743	2722
744	2679
745	2668
746	2637
747	2546
748	2375
749	2552
750	2521
751	2473
752	2274
753	2286
754	2198
755	2292
756	2211
757	2230
758	2041
759	2202
760	2056
761	1937
762	2059
763	2008
764	2014
765	1903
766	1903
767	1861
768	1870
769	1859
770	1808
771	1799
772	1800
773	1741
774	1655
775	1715
776	1768
777	1679
778	1628
779	1718
780	1611
781	1627
782	1637
783	1676
784	1659
785	1535
786	1513
787	1527
788	1613
789	1343
790	1281
791	1208
792	1266
793	1119
794	1069
795	1017
796	1025
797	1022
798	1023
799	984
800	1031
801	1030
802	993
803	982
804	1004
805	964
806	915
807	969
808	932
809	908
810	878
811	890
812	889
813	837
814	861
815	877
816	799
817	835
818	850
819	825
820	743
821	800
822	809
823	751
824	753
825	782
826	810
827	753
828	760
829	746
830	763
831	749
832	734
833	718
834	694
835	741
836	737
837	694
838	712
839	713
840	675
841	657
842	684
843	658
844	637
845	607
846	588
847	636
848	652
849	640
850	622
851	578
852	618
853	609
854	622
855	582
856	532
857	593
858	597
859	583
860	556
861	574
862	522
863	581
864	539
865	563
866	552
867	577
868	576
869	525
870	529
871	554
872	521
873	557
874	521
875	510
876	558
877	515
878	469
879	506
880	516
881	512
882	503
883	491
884	492
885	528
886	500
887	461
888	462
889	435
890	522
891	533
892	474
893	454
894	482
895	436
896	432
897	399
898	435
899	467
900	483
901	465
902	409
903	439
904	441
905	407
906	446
907	436
908	387
909	414
910	440
911	423
912	406
913	422
914	411
915	409
916	391
917	422
918	392
919	396
920	408
921	383
922	382
923	400
924	397
925	378
926	383
927	368
928	356
929	397
930	393
931	394
932	394
933	374
934	390
935	398
936	345
937	356
938	350
939	372
940	333
941	349
942	362
943	341
944	337
945	351
946	350
947	346
948	323
949	356
950	368
951	363
952	290
953	320
954	318
955	318
956	328
957	337
958	302
959	325
960	304
961	306

