## HISTOGRAM	java.lang.Integer
coverage	high_quality_coverage_count
0	115860037
1	40711982
2	82023742
3	139304252
4	200265606
5	251556305
6	283223112
7	290465281
8	275283327
9	243347984
10	202035785
11	158507870
12	118322171
13	84307073
14	57655589
15	38103126
16	24459610
17	15389249
18	9605399
19	6002362
20	3802726
21	2476122
22	1681345
23	1199585
24	893912
25	691602
26	553464
27	454543
28	384198
29	326517
30	282586
31	245058
32	213985
33	188844
34	171919
35	153219
36	136560
37	125651
38	115886
39	105918
40	98242
41	91954
42	86831
43	80840
44	75407
45	70741
46	66330
47	63416
48	60460
49	56239
50	53093
51	50364
52	48218
53	44850
54	41727
55	39680
56	37536
57	35889
58	34310
59	32705
60	30867
61	29332
62	27414
63	26610
64	25829
65	24553
66	23602
67	22449
68	21425
69	19964
70	19038
71	18294
72	17573
73	16580
74	15314
75	15042
76	13948
77	13161
78	12439
79	11689
80	11321
81	10397
82	10184
83	10040
84	9598
85	9020
86	8860
87	8475
88	8168
89	7945
90	7613
91	7568
92	7203
93	7253
94	7190
95	6783
96	6180
97	6061
98	5710
99	5908
100	5850
101	5415
102	5257
103	5037
104	4753
105	4608
106	4392
107	4213
108	4017
109	4016
110	3953
111	3739
112	3719
113	3710
114	3650
115	3579
116	3505
117	3320
118	3355
119	3237
120	3102
121	3164
122	3113
123	2829
124	2901
125	2780
126	2622
127	2574
128	2548
129	2461
130	2460
131	2401
132	2476
133	2560
134	2300
135	2219
136	2247
137	2178
138	2190
139	2112
140	1964
141	1931
142	2031
143	2025
144	1924
145	1945
146	1958
147	1911
148	1880
149	1748
150	1713
151	1680
152	1602
153	1569
154	1531
155	1523
156	1560
157	1611
158	1568
159	1633
160	1607
161	1504
162	1460
163	1431
164	1325
165	1305
166	1309
167	1424
168	1442
169	1288
170	1279
171	1266
172	1258
173	1167
174	1178
175	1310
176	1177
177	1221
178	1250
179	1183
180	1169
181	1184
182	1182
183	1178
184	1198
185	1099
186	1170
187	1114
188	1043
189	1027
190	988
191	983
192	988
193	883
194	860
195	964
196	922
197	865
198	953
199	976
200	939
201	852
202	871
203	804
204	765
205	710
206	698
207	656
208	694
209	755
210	667
211	771
212	741
213	741
214	713
215	720
216	711
217	670
218	639
219	650
220	561
221	599
222	615
223	611
224	656
225	657
226	591
227	629
228	582
229	582
230	654
231	626
232	641
233	643
234	633
235	649
236	633
237	585
238	589
239	594
240	676
241	589
242	621
243	581
244	510
245	554
246	539
247	538
248	502
249	546
250	164814

