## HISTOGRAM	java.lang.Integer
insert_size	All_Reads.fr_count
2	337
3	322
4	338
5	322
6	372
7	374
8	351
9	327
10	379
11	395
12	377
13	375
14	411
15	413
16	405
17	416
18	476
19	1669
20	1845
21	2367
22	1020
23	964
24	884
25	1187
26	946
27	979
28	951
29	993
30	1013
31	1074
32	1061
33	984
34	1073
35	971
36	1074
37	1098
38	1044
39	1091
40	1130
41	1063
42	1215
43	1218
44	1196
45	1224
46	1275
47	1233
48	1302
49	1311
50	1303
51	1479
52	1316
53	1342
54	1405
55	1453
56	1559
57	1761
58	1902
59	1821
60	1996
61	2092
62	2095
63	2148
64	2094
65	2152
66	2256
67	2241
68	2245
69	2403
70	2391
71	2522
72	2478
73	2527
74	2606
75	2725
76	2922
77	2787
78	2913
79	2992
80	3107
81	3156
82	3227
83	3304
84	3352
85	3461
86	3626
87	3684
88	3715
89	3786
90	3882
91	3982
92	4148
93	4388
94	4426
95	4713
96	4764
97	4838
98	4925
99	5059
100	5133
101	5131
102	5125
103	5339
104	5422
105	5432
106	5484
107	5504
108	5711
109	5665
110	5739
111	5734
112	5997
113	6097
114	6048
115	6089
116	6190
117	6142
118	6329
119	6438
120	6337
121	6695
122	6679
123	6720
124	6713
125	7030
126	7010
127	7139
128	7177
129	7254
130	7369
131	7440
132	7707
133	7921
134	8191
135	8218
136	8081
137	8456
138	8437
139	8507
140	8585
141	8656
142	8513
143	8882
144	8886
145	8836
146	9085
147	9175
148	9346
149	9332
150	9458
151	9412
152	9473
153	9950
154	9783
155	9821
156	9932
157	9988
158	10126
159	10022
160	10271
161	10556
162	10386
163	10639
164	10722
165	10779
166	10935
167	10952
168	11056
169	11085
170	11328
171	11571
172	11627
173	11884
174	11872
175	11854
176	12160
177	12588
178	12685
179	12968
180	13094
181	13262
182	13200
183	13471
184	13632
185	13802
186	14021
187	14261
188	14364
189	14614
190	14736
191	14875
192	14726
193	15130
194	15296
195	15827
196	15693
197	16157
198	16168
199	16455
200	16784
201	17031
202	17199
203	17392
204	17610
205	17920
206	18363
207	18539
208	18809
209	19206
210	19307
211	19998
212	20128
213	20449
214	20860
215	21140
216	21602
217	22037
218	22316
219	22697
220	23477
221	23362
222	24130
223	24508
224	24743
225	25018
226	25666
227	26307
228	26640
229	27260
230	28027
231	28458
232	28944
233	29514
234	30022
235	30515
236	31036
237	31810
238	32107
239	33078
240	33611
241	34411
242	34862
243	35636
244	36581
245	37087
246	37536
247	38600
248	39413
249	39811
250	40777
251	41802
252	42683
253	43165
254	44001
255	44949
256	45916
257	46064
258	47690
259	48558
260	49286
261	50410
262	51061
263	52289
264	53462
265	54398
266	55125
267	56607
268	57878
269	59007
270	59930
271	60999
272	62635
273	63649
274	64764
275	66164
276	67199
277	68126
278	70047
279	71327
280	72133
281	73827
282	75115
283	77039
284	78277
285	80279
286	81838
287	82871
288	84293
289	86210
290	87626
291	89502
292	90970
293	92430
294	93239
295	95465
296	96698
297	99035
298	101250
299	103455
300	104252
301	105957
302	108118
303	109933
304	111370
305	113699
306	115144
307	115779
308	117978
309	120332
310	120964
311	123478
312	125279
313	126811
314	128306
315	130316
316	131446
317	133545
318	135416
319	136439
320	138487
321	140533
322	142456
323	143623
324	146194
325	146607
326	149674
327	150696
328	152203
329	153412
330	156111
331	156691
332	159311
333	160209
334	161464
335	163155
336	165149
337	166814
338	167934
339	169250
340	170330
341	171853
342	173536
343	175396
344	176288
345	177125
346	179070
347	180171
348	180843
349	182697
350	183394
351	185329
352	186269
353	187200
354	187460
355	189834
356	189817
357	191407
358	191445
359	191733
360	193009
361	193181
362	194736
363	196309
364	196945
365	196714
366	198077
367	198883
368	199702
369	199697
370	200151
371	200473
372	200040
373	200601
374	201740
375	201756
376	202980
377	202958
378	203076
379	202574
380	203202
381	203401
382	203745
383	203531
384	204186
385	203566
386	203774
387	203684
388	203625
389	204269
390	203642
391	203158
392	202738
393	202835
394	202916
395	202643
396	201665
397	202132
398	201861
399	201228
400	200301
401	200431
402	199127
403	199174
404	198943
405	198823
406	197564
407	197475
408	196462
409	195136
410	196159
411	194862
412	193935
413	193369
414	193376
415	192037
416	191249
417	190137
418	188774
419	189368
420	187730
421	186892
422	186553
423	185587
424	185334
425	184400
426	183340
427	181836
428	181467
429	180702
430	180001
431	178562
432	176933
433	176725
434	175847
435	174657
436	173504
437	172738
438	172081
439	170243
440	170231
441	168665
442	167024
443	165799
444	165077
445	164777
446	162953
447	161263
448	160490
449	159411
450	159155
451	157953
452	156323
453	154820
454	154635
455	153361
456	151975
457	151272
458	149525
459	148955
460	147738
461	147493
462	145775
463	144563
464	143220
465	142839
466	141558
467	140139
468	138807
469	138229
470	137219
471	135572
472	134425
473	133134
474	132673
475	131745
476	130229
477	129173
478	128025
479	126389
480	125851
481	124166
482	123163
483	122269
484	121272
485	119883
486	118310
487	117860
488	117006
489	115313
490	114870
491	113311
492	112841
493	111388
494	109480
495	109527
496	107909
497	106811
498	105999
499	104429
500	103424
501	102688
502	101520
503	101355
504	99544
505	98672
506	97223
507	96506
508	95763
509	95002
510	93425
511	92581
512	91637
513	90511
514	89814
515	88707
516	87930
517	86404
518	85424
519	84317
520	83317
521	81915
522	81712
523	81343
524	80187
525	78400
526	77987
527	77311
528	76004
529	76046
530	74804
531	73441
532	72431
533	71735
534	70500
535	70172
536	68115
537	68141
538	67501
539	66160
540	65701
541	65051
542	63617
543	63983
544	62814
545	61721
546	61084
547	59904
548	58928
549	58667
550	57759
551	57220
552	56346
553	55054
554	55115
555	53754
556	53322
557	52371
558	52226
559	51031
560	50219
561	49706
562	48942
563	48076
564	47721
565	47201
566	46414
567	45748
568	44944
569	44772
570	43652
571	43166
572	42490
573	41850
574	41333
575	41146
576	40245
577	39789
578	38943
579	38453
580	37750
581	37274
582	36481
583	36175
584	35607
585	34996
586	34448
587	33933
588	33308
589	33049
590	32207
591	31408
592	31221
593	30793
594	29868
595	29739
596	29498
597	29026
598	28427
599	27565
600	27644
601	26869
602	26723
603	26554
604	25603
605	25342
606	25355
607	24533
608	24407
609	23764
610	23518
611	23143
612	22837
613	22344
614	21953
615	21597
616	21341
617	21116
618	20767
619	20497
620	20288
621	19980
622	19692
623	19100
624	19063
625	18547
626	18362
627	18106
628	17717
629	17452
630	17066
631	16896
632	16606
633	16373
634	15949
635	16059
636	15617
637	15482
638	14976
639	14965
640	14446
641	14167
642	13916
643	13829
644	13631
645	13345
646	13043
647	12743
648	12732
649	12434
650	12192
651	12098
652	11802
653	11797
654	11498
655	11354
656	11331
657	11094
658	10744
659	10565
660	10428
661	10340
662	10307
663	9940
664	9849
665	9850
666	9585
667	9603
668	9287
669	9259
670	9019
671	8826
672	8609
673	8566
674	8393
675	8257
676	8123
677	8008
678	7946
679	7801
680	7676
681	7461
682	7337
683	7187
684	7368
685	7004
686	6649
687	6746
688	6700
689	6450
690	6482
691	6267
692	6251
693	6177
694	6175
695	6002
696	5938
697	5820
698	5896
699	5664
700	5664
701	5430
702	5499
703	5366
704	5293
705	5125
706	5141
707	4993
708	4994
709	4896
710	4869
711	4844
712	4755
713	4806
714	4571
715	4612
716	4416
717	4391
718	4308
719	4260
720	4174
721	4174
722	4139
723	4014
724	3937
725	3864
726	3826
727	3811
728	3784
729	3755
730	3620
731	3588
732	3628
733	3425
734	3530
735	3494
736	3379
737	3359
738	3367
739	3213
740	3229
741	3151
742	3091
743	3063
744	3117
745	3042
746	3036
747	2960
748	2880
749	2896
750	2825
751	2840
752	2778
753	2709
754	2672
755	2704
756	2682
757	2502
758	2509
759	2368
760	2482
761	2292
762	2269
763	2259
764	2318
765	2210
766	2192
767	2128
768	2099
769	2116
770	2085
771	2053
772	2031
773	2081
774	1999
775	2026
776	1929
777	1928
778	1891
779	1869
780	1929
781	1820
782	1769
783	1781
784	1788
785	1680
786	1725
787	1741
788	1717
789	1704
790	1595
791	1568
792	1627
793	1582
794	1516
795	1557
796	1532
797	1473
798	1514
799	1406
800	1443
801	1453
802	1452
803	1396
804	1381
805	1366
806	1354
807	1324
808	1263
809	1296
810	1310
811	1219
812	1262
813	1249
814	1242
815	1266
816	1203
817	1222
818	1218
819	1291
820	1179
821	1143
822	1165
823	1070
824	1124
825	1097
826	1059
827	977
828	1062
829	1065
830	1017
831	1051
832	987
833	1027
834	1000
835	963
836	996
837	956
838	970
839	1002
840	956
841	843
842	894
843	947
844	938
845	826
846	780
847	752
848	837
849	750
850	768
851	737
852	687
853	687
854	703
855	719
856	752
857	691
858	703
859	661
860	679
861	665
862	678
863	671
864	574
865	623
866	683
867	606
868	617
869	595
870	650
871	605
872	613
873	625
874	542
875	592
876	626
877	559
878	572
879	578
880	581
881	578
882	571
883	504
884	578
885	588
886	556
887	555
888	520
889	504
890	531
891	496
892	548
893	537
894	556
895	496
896	511
897	502
898	509
899	514
900	491
901	462
902	474
903	493
904	485
905	493
906	494
907	498
908	478
909	444
910	418
911	445
912	500
913	438
914	448
915	429
916	423
917	440
918	429
919	410
920	439
921	477
922	407
923	414
924	417
925	421
926	466
927	412
928	435
929	407
930	432
931	423
932	432
933	429
934	355
935	418
936	391
937	433
938	405
939	387
940	375
941	371
942	384
943	382
944	379
945	406
946	349
947	342
948	363
949	388
950	338
951	347
952	356
953	305
954	370
955	360
956	314
957	333
958	313
959	338
960	337
961	313
962	362
963	338
964	334
965	300
966	336
967	307
968	314
969	327
970	349
971	342
972	313
973	321
974	325
975	318
976	315
977	338
978	324
979	304
980	298
981	310
982	341
983	295
984	279
985	292
986	283
987	281
988	296
989	246
990	311
991	293
992	286
993	302
994	269
995	275
996	258
997	287
998	289
999	259
1000	269
1001	266
1002	305
1003	267
1004	285
1005	267
1006	267
1007	241
1008	258
1009	258
1010	243
1011	260
1012	244
1013	237
1014	259
1015	243
1016	259
1017	231
1018	245
1019	266
1020	242
1021	236
1022	243
1023	241
1024	260
1025	253
1026	208
1027	236
1028	238
1029	221
1030	204
1031	220

