## HISTOGRAM	java.lang.Integer
insert_size	All_Reads.fr_count
2	352
3	302
4	352
5	371
6	378
7	353
8	360
9	382
10	368
11	376
12	407
13	464
14	471
15	488
16	526
17	524
18	589
19	2385
20	2753
21	3039
22	1368
23	1079
24	1010
25	1105
26	871
27	974
28	897
29	893
30	905
31	983
32	966
33	861
34	920
35	933
36	834
37	970
38	793
39	846
40	892
41	961
42	1107
43	1240
44	1226
45	1294
46	1420
47	1342
48	1368
49	1336
50	1309
51	1558
52	1396
53	1468
54	1481
55	1450
56	1468
57	1472
58	1572
59	1623
60	1602
61	1696
62	1726
63	1709
64	1743
65	1859
66	1936
67	1817
68	1977
69	1915
70	2034
71	2083
72	1993
73	2354
74	2473
75	2449
76	2551
77	2604
78	2706
79	2669
80	2881
81	2841
82	2857
83	2969
84	3045
85	3065
86	3120
87	3073
88	3272
89	3286
90	3423
91	3411
92	3554
93	3487
94	3546
95	3656
96	3675
97	3674
98	3720
99	3798
100	3986
101	3949
102	3988
103	4040
104	4073
105	4161
106	4274
107	4440
108	4699
109	4891
110	4801
111	4888
112	5030
113	5258
114	5076
115	5128
116	5187
117	5294
118	5466
119	5413
120	5515
121	5759
122	5647
123	5782
124	5914
125	5937
126	6038
127	6245
128	6358
129	6392
130	6450
131	6610
132	6760
133	6947
134	6866
135	6956
136	7128
137	7280
138	7249
139	7428
140	7548
141	7607
142	7639
143	7817
144	8004
145	8168
146	8415
147	8668
148	9180
149	9033
150	9065
151	9523
152	9377
153	9488
154	9643
155	9594
156	9744
157	10096
158	9896
159	9989
160	10236
161	10543
162	10871
163	10839
164	10951
165	11247
166	11271
167	11517
168	11616
169	12001
170	12017
171	12709
172	12533
173	12751
174	13147
175	13472
176	13537
177	13621
178	14107
179	14350
180	14560
181	14987
182	14960
183	15014
184	15605
185	16048
186	16383
187	16218
188	16765
189	17040
190	17583
191	18430
192	18455
193	18922
194	19118
195	19561
196	19650
197	20363
198	20655
199	21071
200	21336
201	21787
202	22255
203	22635
204	23449
205	23586
206	23910
207	24775
208	25195
209	25620
210	26119
211	26983
212	27201
213	27815
214	28340
215	29160
216	29653
217	30437
218	31014
219	31907
220	32235
221	32835
222	33848
223	34817
224	35541
225	36051
226	36639
227	37278
228	38155
229	39402
230	40114
231	41154
232	41748
233	42777
234	43443
235	44722
236	45185
237	45757
238	47247
239	48289
240	49377
241	50452
242	52070
243	53099
244	54056
245	55563
246	55942
247	57277
248	58931
249	60181
250	61790
251	63106
252	64683
253	65712
254	67168
255	68279
256	70224
257	71079
258	73019
259	74626
260	76184
261	78138
262	79810
263	81222
264	83315
265	84910
266	86589
267	88426
268	89658
269	92432
270	94927
271	96364
272	98179
273	100136
274	101980
275	104386
276	106359
277	107598
278	110859
279	112672
280	114333
281	118015
282	120695
283	121886
284	125504
285	127524
286	130198
287	132708
288	135535
289	137825
290	140285
291	143393
292	146425
293	149346
294	151636
295	154388
296	156405
297	159435
298	162304
299	165990
300	168428
301	172194
302	175494
303	177237
304	180283
305	183126
306	186346
307	190302
308	193002
309	195911
310	199475
311	203421
312	205926
313	210095
314	212907
315	216650
316	219250
317	222060
318	225863
319	228115
320	231012
321	235327
322	239276
323	241486
324	245226
325	248779
326	250985
327	255142
328	257313
329	259859
330	263408
331	266707
332	270102
333	273739
334	277298
335	280352
336	282734
337	287140
338	289532
339	291451
340	293304
341	297564
342	300269
343	303801
344	305955
345	308381
346	311771
347	314678
348	317316
349	320035
350	321405
351	322170
352	326452
353	328938
354	330799
355	333452
356	335742
357	336791
358	339509
359	340352
360	342081
361	344094
362	346359
363	348401
364	348438
365	352027
366	353833
367	354889
368	356821
369	357278
370	357549
371	359507
372	358502
373	361490
374	361011
375	361920
376	364284
377	364674
378	365872
379	366292
380	366699
381	366749
382	367073
383	366692
384	367894
385	367957
386	368679
387	369345
388	368241
389	369644
390	367359
391	369090
392	367256
393	366729
394	368076
395	367281
396	366059
397	365964
398	365904
399	365819
400	364743
401	363217
402	363145
403	361284
404	360289
405	360891
406	359426
407	358519
408	357294
409	356895
410	355822
411	354887
412	353773
413	351350
414	349922
415	349085
416	346910
417	347440
418	345880
419	345127
420	342651
421	342515
422	338267
423	339129
424	335517
425	335747
426	333071
427	332285
428	331474
429	328836
430	327773
431	325497
432	323165
433	320508
434	319799
435	317513
436	315162
437	314644
438	313680
439	310246
440	308610
441	308215
442	304191
443	303212
444	302121
445	298444
446	297464
447	295028
448	293113
449	292388
450	289750
451	287958
452	285758
453	283256
454	282220
455	279826
456	277093
457	276006
458	273730
459	271774
460	269911
461	268447
462	266711
463	264488
464	261849
465	259894
466	258537
467	255912
468	253245
469	252294
470	248777
471	247578
472	245550
473	244722
474	242891
475	239075
476	237440
477	234338
478	234055
479	231610
480	229533
481	227353
482	225779
483	223408
484	222074
485	219299
486	217748
487	215561
488	214033
489	212538
490	209547
491	207193
492	206093
493	203255
494	201463
495	199530
496	197500
497	197020
498	194069
499	192317
500	191221
501	189018
502	186951
503	184885
504	182971
505	181731
506	179137
507	176980
508	175104
509	173612
510	171965
511	170343
512	168662
513	166598
514	165197
515	163195
516	160803
517	159812
518	158101
519	156359
520	154149
521	152251
522	150822
523	149015
524	147367
525	145141
526	143936
527	142271
528	139821
529	138492
530	136613
531	135984
532	134374
533	132665
534	131043
535	129571
536	128415
537	126922
538	124637
539	123007
540	121259
541	119959
542	118529
543	116556
544	115755
545	113405
546	113052
547	111702
548	109640
549	107969
550	106474
551	105591
552	104358
553	102386
554	101526
555	100046
556	98546
557	97555
558	95764
559	94868
560	93683
561	91922
562	90778
563	89761
564	89154
565	87002
566	86205
567	84814
568	83693
569	82326
570	80938
571	80141
572	78207
573	77709
574	76753
575	75438
576	74215
577	73842
578	72630
579	71133
580	70274
581	69010
582	68145
583	66944
584	66193
585	64870
586	63609
587	63110
588	61361
589	60685
590	59557
591	59018
592	57963
593	57036
594	56009
595	55189
596	54455
597	53701
598	53264
599	52187
600	51212
601	50097
602	49260
603	48358
604	47646
605	47285
606	46062
607	45294
608	44980
609	44215
610	43500
611	42362
612	41880
613	41166
614	40744
615	40036
616	39075
617	38937
618	38089
619	37545
620	36761
621	36386
622	35456
623	35183
624	34593
625	33688
626	33481
627	32551
628	32170
629	31522
630	31552
631	30609
632	30248
633	29912
634	28990
635	28516
636	28008
637	27528
638	26736
639	26457
640	25901
641	25639
642	25458
643	24546
644	24408
645	23994
646	23496
647	23023
648	22772
649	22343
650	22090
651	21425
652	21295
653	20806
654	20657
655	20205
656	19609
657	19454
658	19264
659	18846
660	18674
661	17911
662	17786
663	17553
664	17029
665	16919
666	16568
667	16164
668	15877
669	15616
670	15328
671	14930
672	14897
673	14734
674	14303
675	14074
676	13638
677	13712
678	13552
679	13034
680	12898
681	12859
682	12420
683	12084
684	11928
685	11837
686	11393
687	11296
688	11104
689	10976
690	10767
691	10485
692	10301
693	10050
694	10086
695	9758
696	9819
697	9661
698	9340
699	9205
700	9006
701	8773
702	8561
703	8477
704	8238
705	8304
706	8265
707	8062
708	7804
709	7671
710	7626
711	7325
712	7319
713	7119
714	7096
715	6982
716	6863
717	6645
718	6542
719	6418
720	6197
721	6283
722	5999
723	5938
724	6031
725	5770
726	5609
727	5550
728	5532
729	5343
730	5170
731	5138
732	5117
733	4998
734	4924
735	5010
736	4791
737	4752
738	4691
739	4653
740	4490
741	4462
742	4411
743	4356
744	4046
745	4174
746	4027
747	4100
748	3916
749	3797
750	3881
751	3744
752	3627
753	3495
754	3469
755	3318
756	3328
757	3208
758	3188
759	3248
760	3164
761	3109
762	3010
763	2937
764	2911
765	2871
766	2824
767	2732
768	2847
769	2676
770	2617
771	2609
772	2639
773	2628
774	2550
775	2378
776	2370
777	2332
778	2326
779	2341
780	2395
781	2229
782	2219
783	2201
784	2265
785	2078
786	2072
787	2028
788	1932
789	1938
790	1804
791	1824
792	1778
793	1793
794	1801
795	1748
796	1710
797	1707
798	1797
799	1630
800	1622
801	1596
802	1667
803	1613
804	1500
805	1550
806	1389
807	1464
808	1482
809	1382
810	1392
811	1425
812	1268
813	1345
814	1349
815	1380
816	1291
817	1254
818	1307
819	1221
820	1207
821	1199
822	1151
823	1057
824	1146
825	1144
826	1135
827	1122
828	1050
829	1099
830	1108
831	1049
832	1024
833	1032
834	950
835	966
836	939
837	950
838	938
839	894
840	808
841	739
842	819
843	786
844	698
845	722
846	695
847	664
848	685
849	710
850	644
851	657
852	645
853	683
854	663
855	644
856	625
857	614
858	664
859	616
860	628
861	648
862	590
863	600
864	599
865	560
866	546
867	534
868	551
869	574
870	525
871	557
872	523
873	546
874	531
875	513
876	540
877	539
878	494
879	500
880	493
881	507
882	457
883	459
884	479
885	502
886	457
887	451
888	441
889	435
890	432
891	426
892	486
893	427
894	403
895	439
896	459
897	442
898	410
899	385
900	371
901	449
902	454
903	373
904	386
905	412
906	367
907	380
908	377
909	388
910	356
911	382
912	357
913	345
914	371
915	358
916	396
917	369
918	381
919	378
920	323
921	325
922	371
923	339
924	294
925	353
926	364
927	342
928	353
929	358
930	316
931	356
932	336
933	318
934	333
935	350
936	346
937	302
938	282
939	301
940	301
941	331
942	283
943	276
944	311
945	304
946	319
947	264
948	290
949	286
950	249
951	289
952	279
953	294
954	291
955	263
956	275
957	267
958	269
959	286
960	266
961	257
962	262
963	269
964	257
965	265
966	228
967	280
968	273
969	252
970	251
971	248
972	248
973	249
974	238
975	262
976	229
977	226
978	235
979	230
980	232
981	224
982	237
983	232
984	225
985	199
986	235
987	245
988	230
989	223
990	240
991	216
992	223
993	212
994	210
995	220
996	196
997	216
998	211
999	242
1000	215
1001	198
1002	217
1003	201
1004	185
1005	184
1006	177
1007	222
1008	170
1009	189
1010	207
1011	222
1012	194
1013	196
1014	213
1015	182
1016	206

