## HISTOGRAM	java.lang.Integer
coverage	high_quality_coverage_count
0	130046079
1	74608279
2	122935506
3	168500671
4	204209847
5	226999979
6	236598456
7	233853496
8	221640783
9	201893719
10	177235385
11	150387968
12	123621567
13	98615689
14	76471394
15	57648005
16	42427735
17	30538201
18	21577034
19	15027232
20	10313343
21	7035296
22	4814905
23	3317217
24	2308472
25	1645298
26	1205580
27	900592
28	699336
29	560841
30	460496
31	384986
32	331995
33	287440
34	252263
35	222281
36	200157
37	180351
38	164854
39	147921
40	134769
41	125925
42	113623
43	104759
44	96234
45	87637
46	82576
47	76291
48	71636
49	66793
50	62255
51	57914
52	54156
53	50770
54	48062
55	44625
56	42055
57	39923
58	36772
59	35273
60	33082
61	31185
62	29289
63	27530
64	26025
65	24597
66	23497
67	22194
68	20910
69	20496
70	19538
71	18333
72	17544
73	17002
74	16247
75	15303
76	14330
77	13719
78	13192
79	12901
80	12495
81	11959
82	11332
83	10781
84	10622
85	10323
86	9809
87	9497
88	9020
89	8803
90	8344
91	8150
92	7795
93	7725
94	7246
95	7112
96	7165
97	6908
98	6736
99	6388
100	6265
101	6057
102	5977
103	5789
104	5776
105	5290
106	5261
107	5131
108	4980
109	4867
110	4587
111	4354
112	4239
113	4039
114	3844
115	3961
116	3941
117	3798
118	3586
119	3508
120	3516
121	3324
122	3315
123	3275
124	3445
125	3132
126	3020
127	2992
128	3061
129	3042
130	2973
131	2970
132	2942
133	2869
134	2794
135	2815
136	2725
137	2607
138	2472
139	2444
140	2497
141	2508
142	2443
143	2481
144	2376
145	2285
146	2010
147	2071
148	2091
149	2169
150	2116
151	2163
152	2090
153	2101
154	1977
155	2000
156	1861
157	1840
158	1865
159	1766
160	1849
161	1770
162	1740
163	1685
164	1667
165	1731
166	1712
167	1595
168	1581
169	1534
170	1548
171	1588
172	1415
173	1549
174	1421
175	1423
176	1318
177	1398
178	1262
179	1299
180	1293
181	1297
182	1261
183	1230
184	1218
185	1273
186	1190
187	1163
188	1220
189	1109
190	1146
191	1093
192	1038
193	1118
194	1033
195	1002
196	1017
197	999
198	987
199	947
200	1003
201	1014
202	981
203	952
204	1016
205	868
206	884
207	984
208	947
209	835
210	876
211	852
212	974
213	811
214	879
215	905
216	804
217	803
218	801
219	776
220	825
221	821
222	819
223	789
224	834
225	777
226	906
227	739
228	742
229	714
230	677
231	760
232	794
233	749
234	758
235	818
236	774
237	740
238	668
239	681
240	670
241	655
242	682
243	658
244	730
245	665
246	674
247	648
248	667
249	637
250	194231

