## HISTOGRAM	java.lang.Integer
insert_size	All_Reads.fr_count
2	381
3	381
4	379
5	451
6	431
7	456
8	459
9	452
10	471
11	487
12	491
13	490
14	526
15	521
16	533
17	574
18	633
19	1639
20	2175
21	2757
22	1312
23	1021
24	980
25	1153
26	959
27	924
28	942
29	881
30	943
31	980
32	973
33	905
34	1031
35	1132
36	1247
37	1336
38	1216
39	1275
40	1351
41	1366
42	1364
43	1398
44	1403
45	1437
46	1537
47	1552
48	1589
49	1606
50	1589
51	1827
52	1683
53	1693
54	1761
55	1698
56	1830
57	1885
58	1933
59	1992
60	1980
61	2056
62	2101
63	2182
64	2430
65	2714
66	2918
67	2972
68	3069
69	3094
70	3321
71	3272
72	3357
73	3535
74	3534
75	3703
76	3795
77	3796
78	3989
79	4120
80	4148
81	4272
82	4395
83	4474
84	4702
85	4770
86	4801
87	4973
88	4847
89	5189
90	5251
91	5378
92	5489
93	5585
94	5510
95	5660
96	5794
97	6194
98	6287
99	6483
100	6565
101	6606
102	6649
103	6760
104	6906
105	6862
106	7071
107	6849
108	6834
109	7133
110	7025
111	7116
112	7438
113	7443
114	7362
115	7551
116	7486
117	7599
118	7703
119	7702
120	7800
121	7931
122	7995
123	8041
124	8078
125	8163
126	8108
127	8343
128	8349
129	8552
130	8659
131	8741
132	8836
133	9155
134	9392
135	9622
136	9813
137	9859
138	9880
139	9906
140	10035
141	10074
142	10105
143	10264
144	10250
145	10423
146	10502
147	10798
148	10955
149	10859
150	10933
151	11045
152	11238
153	11120
154	11178
155	11370
156	11510
157	11542
158	11628
159	11550
160	11755
161	11956
162	11856
163	12040
164	12320
165	12457
166	12485
167	12540
168	12659
169	12715
170	12688
171	13105
172	13174
173	13183
174	13533
175	13831
176	13972
177	14256
178	14556
179	14293
180	14579
181	14847
182	14896
183	15227
184	15278
185	15327
186	15460
187	15750
188	15804
189	16033
190	16323
191	16576
192	16893
193	16905
194	16889
195	17041
196	17191
197	17704
198	17702
199	17830
200	18233
201	18410
202	18819
203	18965
204	19157
205	19486
206	19788
207	19986
208	20184
209	20512
210	20671
211	21010
212	21020
213	21474
214	22008
215	22261
216	22595
217	22980
218	23093
219	23619
220	23969
221	24501
222	24639
223	25083
224	26019
225	26309
226	27155
227	27166
228	27467
229	27911
230	28411
231	28779
232	29286
233	29784
234	30051
235	30454
236	31286
237	31206
238	32292
239	32797
240	33117
241	34093
242	34806
243	35019
244	35350
245	36044
246	37007
247	37171
248	38041
249	38710
250	39088
251	39936
252	40911
253	41448
254	42112
255	43023
256	43308
257	44173
258	45123
259	46254
260	47037
261	47450
262	48146
263	49596
264	50294
265	50762
266	51802
267	52391
268	53493
269	54174
270	55271
271	56760
272	57748
273	58796
274	58730
275	60164
276	61164
277	61898
278	63122
279	64306
280	65552
281	67188
282	68184
283	69478
284	70300
285	72040
286	74054
287	76117
288	77731
289	78795
290	79356
291	80628
292	81753
293	82907
294	84722
295	85086
296	86726
297	88028
298	89372
299	91365
300	92067
301	92343
302	94441
303	95072
304	96991
305	98178
306	99511
307	100839
308	102427
309	103025
310	104672
311	106225
312	107379
313	109002
314	110229
315	111940
316	113161
317	114092
318	115999
319	116247
320	117957
321	119089
322	120558
323	121835
324	123499
325	124556
326	126406
327	127696
328	129079
329	129752
330	130286
331	132414
332	133734
333	133876
334	135876
335	136635
336	138302
337	139632
338	139821
339	141272
340	141856
341	143660
342	144574
343	145901
344	146586
345	147462
346	147566
347	149008
348	150092
349	151239
350	151435
351	152479
352	153173
353	154009
354	154349
355	155346
356	155644
357	156421
358	157394
359	157417
360	157481
361	157786
362	158497
363	159465
364	159249
365	160199
366	160537
367	160088
368	160767
369	160478
370	160588
371	160859
372	161126
373	160588
374	161649
375	161440
376	161452
377	160828
378	160902
379	161180
380	160768
381	160932
382	160163
383	159855
384	159464
385	159444
386	158853
387	158931
388	158475
389	157465
390	157571
391	157515
392	155666
393	156669
394	154470
395	154778
396	154075
397	154543
398	154135
399	153291
400	151909
401	150704
402	149903
403	149754
404	148788
405	148072
406	147391
407	146421
408	146404
409	145903
410	144701
411	143802
412	143029
413	141030
414	141012
415	139978
416	138708
417	138277
418	136729
419	135672
420	135783
421	134648
422	132977
423	132130
424	130627
425	130746
426	129697
427	128886
428	127700
429	126820
430	125573
431	125430
432	123400
433	122580
434	121751
435	120005
436	119565
437	118156
438	117106
439	116244
440	115120
441	114160
442	112820
443	112584
444	111347
445	109954
446	108944
447	107598
448	106992
449	106205
450	104818
451	103876
452	103210
453	101700
454	100213
455	99730
456	99298
457	97751
458	96969
459	95678
460	95339
461	94543
462	93127
463	92867
464	90594
465	90459
466	88557
467	88467
468	87301
469	86659
470	85186
471	84112
472	83214
473	82747
474	81303
475	80420
476	79584
477	78692
478	77773
479	76888
480	75978
481	75381
482	74377
483	73337
484	72223
485	71525
486	70779
487	69827
488	68593
489	68139
490	65722
491	65237
492	64703
493	63196
494	63031
495	62341
496	61123
497	60490
498	59799
499	59033
500	57728
501	57413
502	56547
503	55965
504	54991
505	54469
506	53685
507	52478
508	52032
509	51567
510	50889
511	49547
512	49122
513	48709
514	47820
515	47352
516	46591
517	45729
518	46144
519	45159
520	44177
521	43443
522	42957
523	42477
524	41832
525	41602
526	40540
527	39924
528	38906
529	38340
530	38083
531	37797
532	37462
533	36631
534	35846
535	35161
536	34451
537	34351
538	33788
539	33106
540	32571
541	32643
542	31779
543	31328
544	30737
545	30474
546	29755
547	29497
548	28963
549	28507
550	27863
551	27325
552	26820
553	26071
554	25872
555	25285
556	25070
557	24679
558	24222
559	23669
560	23297
561	22714
562	22491
563	22021
564	21733
565	21524
566	21154
567	20587
568	20278
569	19925
570	19528
571	19188
572	19002
573	18472
574	18351
575	17528
576	17431
577	17090
578	16913
579	16674
580	16320
581	15968
582	15678
583	15370
584	15301
585	14684
586	14674
587	14393
588	14058
589	13776
590	13601
591	13097
592	13041
593	12625
594	12683
595	12403
596	12157
597	11936
598	11696
599	11195
600	11242
601	10854
602	10587
603	10377
604	10040
605	9868
606	9986
607	9559
608	9386
609	9053
610	9103
611	8944
612	8521
613	8583
614	8487
615	8272
616	8150
617	8055
618	7872
619	7649
620	7601
621	7344
622	7173
623	7073
624	6867
625	6919
626	6901
627	6678
628	6597
629	6441
630	6402
631	6210
632	6022
633	5929
634	6006
635	5851
636	5742
637	5530
638	5523
639	5515
640	5301
641	5059
642	5026
643	4897
644	4719
645	4609
646	4463
647	4503
648	4356
649	4244
650	4320
651	4198
652	4092
653	4035
654	3968
655	3947
656	3873
657	3874
658	3714
659	3826
660	3613
661	3460
662	3470
663	3466
664	3348
665	3294
666	3259
667	3295
668	3187
669	3135
670	3026
671	3025
672	2931
673	2919
674	2812
675	2840
676	2776
677	2647
678	2525
679	2526
680	2410
681	2429
682	2321
683	2302
684	2260
685	2298
686	2229
687	2148
688	2098
689	2073
690	2035
691	2024
692	1950
693	1869
694	1968
695	1930
696	1883
697	1814
698	1841
699	1812
700	1848
701	1796
702	1732
703	1696
704	1673
705	1635
706	1681
707	1666
708	1575
709	1582
710	1454
711	1357
712	1384
713	1389
714	1348
715	1327
716	1190
717	1313
718	1236
719	1210
720	1228
721	1204
722	1261
723	1264
724	1178
725	1162
726	1155
727	1167
728	1129
729	1125
730	1139
731	1094
732	1095
733	1103
734	1019
735	1083
736	1074
737	1015
738	1086
739	1011
740	951
741	963
742	903
743	810
744	891
745	813
746	755
747	760
748	785
749	770
750	711
751	750
752	721
753	691
754	742
755	671
756	672
757	681
758	628
759	596
760	605
761	626
762	624
763	609
764	671
765	604
766	547
767	574
768	586
769	532
770	507
771	525
772	503
773	492
774	570
775	549
776	509
777	527
778	505
779	464
780	436
781	450
782	443
783	429
784	342
785	274
786	298
787	285
788	259
789	252
790	227
791	252
792	245
793	230
794	205
795	208
796	235
797	263
798	193
799	189
800	215
801	233
802	183
803	185
804	208
805	201
806	187
807	209
808	206
809	183
810	170
811	155
812	184
813	172
814	183
815	177
816	183
817	165
818	164
819	168
820	137
821	178
822	157
823	144
824	139
825	143
826	145
827	149
828	127
829	151
830	154
831	146
832	151
833	140
834	150
835	139
836	117
837	145
838	145
839	141
840	126
841	134
842	127
843	121
844	124
845	126
846	114
847	122
848	130
849	138
850	127
851	126
852	113
853	94
854	117
855	110
856	106
857	98
858	137
859	120
860	111
861	116
862	111
863	123
864	98
865	101
866	102
867	107
868	94
869	92
870	94
871	100
872	90
873	94
874	100
875	73
876	87
877	104
878	87
879	109
880	87
881	97
882	96
883	70
884	79
885	72
886	64
887	90
888	92
889	70
890	84
891	76
892	60
893	72
894	79
895	71
896	75
897	74
898	76
899	73
900	72
901	85
902	78
903	59
904	77
905	73
906	76
907	79
908	66
909	80
910	81
911	64
912	74
913	96
914	69
915	71
916	74
917	63
918	68
919	56
920	53
921	84
922	63
923	61
924	82
925	74
926	66
927	56
928	57
929	66
930	58
931	62
932	65
933	52
934	71
935	62
936	50
937	40
938	58
939	71
940	53
941	60
942	63
943	66
944	55
945	60
946	55
947	52
948	51
949	48
950	49
951	48
952	60
953	47
954	59
955	52
956	45
957	53
958	53
959	53
960	60
961	44
962	58
963	56
964	49
965	47
966	43
967	59
968	31
969	54
970	48
971	48
972	36

