## HISTOGRAM	java.lang.Integer
coverage	high_quality_coverage_count
0	439382320
1	359776659
2	371376578
3	345454966
4	298155747
5	241317218
6	184595992
7	134445591
8	94263369
9	64046484
10	42558079
11	27779360
12	17899522
13	11419647
14	7220729
15	4542600
16	2833591
17	1762209
18	1101280
19	691134
20	439972
21	288039
22	198509
23	142191
24	107317
25	84635
26	69409
27	60227
28	52697
29	47080
30	41832
31	37216
32	33916
33	31404
34	28869
35	26094
36	24096
37	21589
38	19829
39	18591
40	16958
41	15705
42	14268
43	13242
44	12270
45	11467
46	10427
47	9739
48	9039
49	8407
50	7833
51	7249
52	6668
53	6061
54	5658
55	5297
56	4945
57	4526
58	4338
59	4049
60	3708
61	3462
62	3366
63	3232
64	2987
65	2813
66	2585
67	2434
68	2384
69	2233
70	2099
71	1863
72	1804
73	1792
74	1639
75	1597
76	1413
77	1440
78	1393
79	1314
80	1159
81	1171
82	1149
83	1118
84	1031
85	1031
86	1053
87	1053
88	1001
89	910
90	975
91	862
92	874
93	793
94	850
95	828
96	839
97	795
98	832
99	753
100	739
101	782
102	728
103	753
104	691
105	668
106	672
107	651
108	602
109	654
110	592
111	601
112	636
113	630
114	607
115	638
116	666
117	636
118	695
119	737
120	666
121	697
122	679
123	672
124	671
125	636
126	650
127	623
128	689
129	582
130	652
131	651
132	605
133	509
134	521
135	544
136	523
137	538
138	521
139	556
140	477
141	496
142	560
143	575
144	658
145	615
146	627
147	584
148	681
149	655
150	678
151	686
152	643
153	708
154	633
155	640
156	603
157	635
158	605
159	623
160	631
161	616
162	638
163	618
164	617
165	566
166	544
167	572
168	610
169	562
170	595
171	582
172	561
173	535
174	520
175	569
176	541
177	494
178	498
179	510
180	555
181	524
182	490
183	534
184	539
185	505
186	492
187	517
188	502
189	525
190	566
191	521
192	461
193	498
194	508
195	488
196	535
197	509
198	505
199	479
200	481
201	451
202	507
203	474
204	464
205	466
206	475
207	463
208	456
209	483
210	502
211	431
212	436
213	435
214	460
215	450
216	411
217	467
218	426
219	441
220	431
221	402
222	385
223	392
224	397
225	409
226	403
227	437
228	413
229	422
230	462
231	382
232	405
233	406
234	417
235	371
236	407
237	414
238	398
239	418
240	436
241	432
242	364
243	439
244	377
245	403
246	406
247	374
248	379
249	348
250	63247

