## HISTOGRAM	java.lang.Integer
coverage	high_quality_coverage_count
0	126193353
1	63529034
2	104270322
3	146160081
4	184030409
5	214394302
6	235005181
7	244096266
8	241034082
9	226300959
10	202119051
11	171760133
12	138978993
13	107227218
14	79101820
15	55968729
16	38102924
17	25096196
18	16042836
19	10102834
20	6304850
21	3965355
22	2572423
23	1728678
24	1219911
25	904579
26	699320
27	565899
28	469311
29	394914
30	339580
31	298429
32	261922
33	231108
34	204880
35	184198
36	165846
37	151474
38	137370
39	125922
40	116336
41	107009
42	99194
43	91532
44	85153
45	78098
46	73158
47	69033
48	64838
49	61503
50	58221
51	54887
52	52261
53	49962
54	46331
55	43850
56	41319
57	39864
58	37022
59	34873
60	32127
61	31155
62	29518
63	28189
64	26639
65	25146
66	24339
67	22866
68	22052
69	20834
70	20034
71	18891
72	17442
73	16799
74	15791
75	15303
76	14398
77	14104
78	13125
79	12960
80	11958
81	11618
82	11127
83	10744
84	10351
85	9979
86	9658
87	9534
88	9005
89	8741
90	8615
91	7948
92	7767
93	7377
94	7311
95	7227
96	6749
97	6607
98	6302
99	6176
100	5997
101	5865
102	5498
103	5184
104	5184
105	5102
106	5055
107	5093
108	4888
109	4644
110	4269
111	4185
112	4065
113	3922
114	3678
115	3815
116	3596
117	3533
118	3467
119	3646
120	3386
121	3213
122	3194
123	3132
124	2991
125	2986
126	2934
127	2721
128	2690
129	2679
130	2664
131	2629
132	2538
133	2549
134	2463
135	2505
136	2360
137	2432
138	2323
139	2145
140	2118
141	2084
142	2080
143	1919
144	1944
145	1977
146	1920
147	1840
148	1901
149	1845
150	1954
151	1755
152	1773
153	1725
154	1654
155	1620
156	1598
157	1684
158	1608
159	1654
160	1612
161	1526
162	1567
163	1562
164	1505
165	1477
166	1466
167	1402
168	1282
169	1325
170	1484
171	1345
172	1333
173	1252
174	1240
175	1291
176	1225
177	1331
178	1339
179	1149
180	1097
181	1126
182	1094
183	1129
184	1150
185	1022
186	1018
187	954
188	1029
189	985
190	1034
191	971
192	972
193	1000
194	899
195	946
196	914
197	937
198	892
199	885
200	978
201	940
202	851
203	834
204	830
205	823
206	781
207	825
208	755
209	776
210	762
211	747
212	679
213	730
214	650
215	697
216	638
217	691
218	614
219	605
220	596
221	654
222	668
223	634
224	692
225	716
226	668
227	675
228	705
229	653
230	673
231	568
232	610
233	590
234	635
235	611
236	612
237	606
238	544
239	551
240	617
241	570
242	516
243	533
244	570
245	596
246	562
247	513
248	558
249	507
250	178809

