## HISTOGRAM	java.lang.Integer
coverage	high_quality_coverage_count
0	167806857
1	178299340
2	288795956
3	361256109
4	379179332
5	349295655
6	289934446
7	220509041
8	155602737
9	102847025
10	64371674
11	38465358
12	22236045
13	12600660
14	7155220
15	4127225
16	2486902
17	1578229
18	1068900
19	763743
20	570516
21	443471
22	352893
23	285924
24	237009
25	202674
26	170718
27	148568
28	129138
29	113581
30	101499
31	90484
32	81993
33	73377
34	67208
35	60904
36	55527
37	52132
38	47764
39	44696
40	41195
41	37931
42	35942
43	34738
44	31655
45	28774
46	26459
47	25551
48	23657
49	22275
50	21128
51	19875
52	18974
53	17867
54	17528
55	16670
56	16173
57	15142
58	14703
59	14148
60	13814
61	13058
62	12222
63	11838
64	11183
65	10607
66	10487
67	10077
68	9735
69	9395
70	8683
71	8378
72	7792
73	7693
74	7820
75	7530
76	7103
77	7047
78	6444
79	6429
80	6285
81	6375
82	6453
83	6392
84	6273
85	6059
86	5877
87	5781
88	5364
89	5189
90	5076
91	5078
92	4906
93	4754
94	4397
95	4404
96	4145
97	3939
98	3832
99	3787
100	3332
101	3279
102	3173
103	3059
104	2820
105	2696
106	2787
107	2725
108	2653
109	2589
110	2454
111	2269
112	2292
113	2118
114	2007
115	1983
116	1818
117	1776
118	1896
119	1848
120	1916
121	1791
122	1827
123	1727
124	1675
125	1582
126	1626
127	1377
128	1523
129	1343
130	1476
131	1475
132	1453
133	1414
134	1426
135	1395
136	1276
137	1216
138	1260
139	1208
140	1132
141	1164
142	1192
143	1128
144	1133
145	1083
146	1059
147	1085
148	1006
149	1062
150	1070
151	1131
152	997
153	1002
154	1058
155	1085
156	1023
157	1067
158	994
159	1043
160	1062
161	1031
162	1004
163	1050
164	1124
165	1062
166	1022
167	979
168	1090
169	1177
170	1174
171	1177
172	1151
173	1134
174	1094
175	1173
176	1199
177	1222
178	1138
179	1111
180	1095
181	1090
182	1229
183	1073
184	1107
185	1163
186	1135
187	1081
188	1130
189	1094
190	1068
191	1131
192	1040
193	1037
194	959
195	974
196	1063
197	1012
198	1101
199	1034
200	1079
201	1131
202	1145
203	1131
204	1064
205	1086
206	1079
207	1018
208	1074
209	1145
210	1101
211	1039
212	914
213	977
214	963
215	959
216	913
217	900
218	831
219	814
220	730
221	752
222	743
223	726
224	736
225	768
226	808
227	691
228	720
229	729
230	713
231	778
232	734
233	629
234	618
235	613
236	608
237	647
238	646
239	604
240	599
241	600
242	637
243	614
244	542
245	515
246	508
247	524
248	485
249	501
250	116139

