## HISTOGRAM	java.lang.Integer
coverage	high_quality_coverage_count
0	188759440
1	26793123
2	45095740
3	84036542
4	142017470
5	209018319
6	268742867
7	305501598
8	310713794
9	285832481
10	240211248
11	186011728
12	133599102
13	89678700
14	56617543
15	33825554
16	19276636
17	10594009
18	5695803
19	3077107
20	1705778
21	1012692
22	657111
23	470062
24	364572
25	299474
26	256887
27	222115
28	194444
29	171883
30	152463
31	136018
32	121845
33	110844
34	100148
35	91367
36	82608
37	74927
38	69212
39	63582
40	59181
41	54364
42	50826
43	47108
44	43560
45	40987
46	38856
47	36790
48	35477
49	34071
50	32444
51	31094
52	30030
53	28522
54	27231
55	26316
56	25692
57	24441
58	23370
59	22768
60	21994
61	21215
62	20552
63	20076
64	19218
65	18444
66	17670
67	17069
68	16005
69	15812
70	14937
71	14254
72	13797
73	13045
74	12177
75	11785
76	11051
77	10214
78	9600
79	8905
80	8280
81	7807
82	7045
83	6675
84	6143
85	5625
86	5210
87	5023
88	4445
89	4221
90	3872
91	3660
92	3288
93	3157
94	2854
95	2845
96	2697
97	2529
98	2377
99	2244
100	2160
101	2056
102	1904
103	1729
104	1719
105	1615
106	1562
107	1559
108	1598
109	1563
110	1537
111	1589
112	1459
113	1528
114	1509
115	1457
116	1431
117	1371
118	1285
119	1270
120	1185
121	1139
122	1102
123	1086
124	980
125	994
126	902
127	953
128	937
129	894
130	862
131	866
132	786
133	836
134	765
135	830
136	773
137	759
138	715
139	695
140	662
141	666
142	643
143	693
144	693
145	649
146	651
147	612
148	596
149	598
150	547
151	590
152	570
153	546
154	524
155	519
156	559
157	557
158	524
159	540
160	559
161	543
162	528
163	513
164	503
165	494
166	436
167	444
168	434
169	431
170	444
171	447
172	395
173	430
174	419
175	421
176	387
177	408
178	399
179	369
180	383
181	395
182	388
183	367
184	378
185	361
186	355
187	327
188	349
189	380
190	338
191	343
192	361
193	312
194	319
195	335
196	302
197	327
198	303
199	321
200	314
201	303
202	337
203	305
204	336
205	354
206	361
207	334
208	325
209	350
210	340
211	351
212	308
213	291
214	307
215	324
216	353
217	329
218	328
219	271
220	305
221	306
222	357
223	284
224	276
225	300
226	307
227	278
228	317
229	301
230	293
231	296
232	274
233	266
234	285
235	263
236	305
237	247
238	246
239	263
240	261
241	280
242	267
243	298
244	284
245	284
246	295
247	311
248	281
249	268
250	122753

