## HISTOGRAM	java.lang.Integer
insert_size	All_Reads.fr_count
2	412
3	419
4	486
5	419
6	423
7	466
8	444
9	464
10	470
11	496
12	463
13	514
14	503
15	492
16	548
17	645
18	692
19	2075
20	2544
21	2861
22	1432
23	1035
24	988
25	1106
26	967
27	947
28	941
29	920
30	993
31	1059
32	1055
33	944
34	949
35	1144
36	961
37	1056
38	1043
39	1064
40	1127
41	1112
42	1124
43	1175
44	1264
45	1567
46	1646
47	1691
48	1675
49	1678
50	1668
51	1727
52	1673
53	1765
54	1810
55	1749
56	1847
57	1893
58	1833
59	1835
60	1911
61	2000
62	2168
63	2062
64	2130
65	2043
66	2168
67	2147
68	2202
69	2190
70	2174
71	2187
72	2200
73	2325
74	2230
75	2798
76	3112
77	3211
78	3135
79	3152
80	3388
81	3345
82	3356
83	3496
84	3530
85	3543
86	3645
87	3706
88	3736
89	3785
90	3848
91	3881
92	3915
93	3963
94	4133
95	3990
96	4039
97	4152
98	4294
99	4371
100	4508
101	4462
102	4467
103	4490
104	4625
105	4774
106	4744
107	4677
108	5084
109	5416
110	5452
111	5585
112	5479
113	5655
114	5692
115	5625
116	5712
117	5719
118	6015
119	5896
120	5958
121	6170
122	6240
123	6284
124	6393
125	6370
126	6441
127	6683
128	6711
129	6799
130	6866
131	7123
132	7105
133	7272
134	7403
135	7497
136	7631
137	7584
138	7819
139	7800
140	7944
141	8063
142	8265
143	8194
144	8376
145	8950
146	9170
147	9122
148	9686
149	9379
150	9768
151	9771
152	10019
153	10052
154	10061
155	10227
156	10323
157	10564
158	10722
159	10882
160	11064
161	11115
162	11275
163	11565
164	11650
165	11787
166	12012
167	12444
168	12455
169	12598
170	12761
171	13002
172	13403
173	13511
174	13624
175	13993
176	14061
177	14490
178	14653
179	15089
180	14918
181	15344
182	15478
183	15875
184	16220
185	16436
186	17019
187	17168
188	17776
189	18038
190	18570
191	18747
192	19073
193	19478
194	19753
195	19988
196	20333
197	21046
198	21384
199	21789
200	21972
201	22201
202	22577
203	23443
204	23750
205	24323
206	24625
207	25193
208	25912
209	26164
210	26767
211	27209
212	28030
213	28724
214	29485
215	29787
216	30579
217	31273
218	31954
219	32654
220	33506
221	33962
222	34972
223	35178
224	36128
225	36773
226	37661
227	38528
228	39549
229	40365
230	41493
231	42453
232	43033
233	44362
234	45169
235	45887
236	46779
237	48703
238	49719
239	50673
240	51699
241	52929
242	54847
243	55370
244	56248
245	57913
246	59342
247	60718
248	62136
249	63615
250	65182
251	66547
252	67662
253	69480
254	71053
255	72605
256	74094
257	75471
258	77921
259	79407
260	80777
261	82368
262	84954
263	86632
264	88061
265	89674
266	92083
267	94605
268	96447
269	98293
270	101243
271	102579
272	105320
273	108538
274	109536
275	111571
276	113680
277	115715
278	118256
279	121042
280	124212
281	126287
282	129458
283	131332
284	135116
285	137394
286	139800
287	142476
288	145921
289	148331
290	150652
291	154004
292	157093
293	159486
294	162344
295	165609
296	168161
297	171113
298	174112
299	177866
300	181652
301	185174
302	188024
303	191312
304	194732
305	197620
306	199960
307	202471
308	205821
309	209058
310	212783
311	216216
312	218982
313	222790
314	226284
315	229372
316	231705
317	235512
318	238669
319	240659
320	243809
321	247863
322	250567
323	254424
324	257394
325	259824
326	264347
327	266193
328	268878
329	271332
330	275250
331	277161
332	280580
333	283220
334	287466
335	290405
336	292165
337	294677
338	297241
339	299966
340	301866
341	304052
342	306125
343	310060
344	312689
345	315658
346	316771
347	319314
348	320920
349	322857
350	324413
351	327125
352	328444
353	330534
354	331979
355	333536
356	336002
357	337654
358	339103
359	339674
360	341761
361	341360
362	344100
363	344082
364	345579
365	347339
366	347940
367	348198
368	349845
369	349316
370	351045
371	350489
372	350917
373	351404
374	352064
375	353540
376	352436
377	353504
378	353617
379	353623
380	353333
381	352887
382	352906
383	352008
384	352210
385	351367
386	351390
387	352330
388	351303
389	349907
390	348625
391	348635
392	347320
393	346841
394	346013
395	345556
396	344241
397	345371
398	343740
399	342837
400	340754
401	340447
402	339139
403	337716
404	335855
405	334309
406	333694
407	333005
408	331513
409	329992
410	328609
411	326343
412	325583
413	323516
414	321720
415	320501
416	319078
417	317692
418	315090
419	314771
420	312968
421	309621
422	309528
423	306771
424	304626
425	302978
426	301812
427	299223
428	298063
429	296910
430	295835
431	293005
432	290346
433	287665
434	285062
435	284296
436	282467
437	280895
438	278490
439	277742
440	275206
441	273801
442	271369
443	268197
444	267084
445	264542
446	262285
447	261301
448	258847
449	257535
450	256141
451	254059
452	251923
453	250496
454	246496
455	245145
456	242716
457	240842
458	239167
459	236839
460	235132
461	233905
462	231582
463	229766
464	227753
465	224839
466	223467
467	220374
468	219726
469	216684
470	214874
471	212782
472	211128
473	209001
474	207523
475	204951
476	202917
477	200329
478	198880
479	196525
480	195972
481	192754
482	191745
483	190211
484	188274
485	186578
486	183195
487	180725
488	179568
489	178266
490	175441
491	174410
492	172958
493	171150
494	169122
495	166844
496	164629
497	162847
498	162002
499	160270
500	157571
501	157031
502	155238
503	152832
504	151722
505	148756
506	146679
507	144199
508	142815
509	140995
510	139749
511	138477
512	137113
513	134940
514	133450
515	132133
516	130236
517	127610
518	126437
519	126308
520	124643
521	121859
522	121296
523	120171
524	118830
525	117219
526	115199
527	113980
528	112033
529	111116
530	109320
531	108268
532	107036
533	105345
534	104143
535	101992
536	100590
537	99370
538	98341
539	97355
540	95849
541	93903
542	92950
543	91496
544	90608
545	88596
546	87491
547	86779
548	85450
549	84345
550	83088
551	81646
552	80383
553	79005
554	78628
555	77097
556	76339
557	74787
558	73641
559	72391
560	71671
561	70297
562	69356
563	68309
564	66987
565	66529
566	65237
567	64563
568	63426
569	62013
570	60950
571	60000
572	58818
573	57988
574	57149
575	56180
576	55855
577	54298
578	53361
579	52437
580	52180
581	50975
582	50263
583	49249
584	48909
585	47732
586	47288
587	46105
588	45859
589	44863
590	43865
591	43351
592	42852
593	42068
594	41098
595	40602
596	39985
597	39723
598	38606
599	37771
600	37591
601	36625
602	35875
603	35071
604	34822
605	34125
606	33675
607	33185
608	32468
609	31755
610	31523
611	30909
612	30272
613	29833
614	29420
615	28849
616	28677
617	27636
618	27223
619	26738
620	26076
621	25542
622	25265
623	24904
624	24431
625	23650
626	23411
627	23074
628	22733
629	22416
630	22111
631	21480
632	20994
633	20768
634	20625
635	20268
636	19980
637	19473
638	19157
639	18980
640	18259
641	18223
642	17881
643	17509
644	17286
645	16819
646	16898
647	16274
648	16196
649	15916
650	15279
651	15321
652	15084
653	14636
654	14641
655	14390
656	14061
657	13829
658	13701
659	13533
660	12947
661	12598
662	12520
663	12290
664	11900
665	11770
666	11290
667	11395
668	11435
669	11017
670	10731
671	10843
672	10423
673	10253
674	10178
675	9824
676	9733
677	9588
678	9463
679	9310
680	9115
681	8896
682	8986
683	8616
684	8516
685	8440
686	8380
687	8321
688	7956
689	7919
690	7821
691	7577
692	7503
693	7363
694	7298
695	6991
696	6952
697	6827
698	6573
699	6532
700	6393
701	6289
702	6181
703	6066
704	6034
705	5964
706	5746
707	5745
708	5611
709	5553
710	5286
711	5326
712	5377
713	5287
714	5089
715	5073
716	4900
717	4871
718	4796
719	4855
720	4795
721	4672
722	4625
723	4589
724	4374
725	4318
726	4312
727	4133
728	4120
729	4158
730	4097
731	3900
732	3741
733	3791
734	3712
735	3665
736	3587
737	3721
738	3542
739	3497
740	3500
741	3344
742	3418
743	3421
744	3336
745	3181
746	3205
747	3183
748	3215
749	3071
750	3072
751	2922
752	2888
753	2846
754	2798
755	2723
756	2704
757	2765
758	2624
759	2498
760	2575
761	2525
762	2407
763	2370
764	2207
765	2213
766	2245
767	2235
768	2244
769	2202
770	2122
771	2109
772	2147
773	2043
774	2048
775	1968
776	2039
777	1961
778	1926
779	1977
780	2027
781	1957
782	1879
783	1817
784	1895
785	1795
786	1694
787	1736
788	1747
789	1671
790	1668
791	1683
792	1645
793	1653
794	1643
795	1517
796	1534
797	1521
798	1661
799	1439
800	1445
801	1438
802	1399
803	1465
804	1577
805	1427
806	1350
807	1434
808	1459
809	1408
810	1337
811	1268
812	1208
813	1275
814	1326
815	1077
816	1006
817	921
818	942
819	957
820	934
821	943
822	855
823	895
824	853
825	855
826	859
827	852
828	860
829	851
830	783
831	844
832	816
833	839
834	741
835	772
836	808
837	808
838	796
839	764
840	733
841	743
842	725
843	717
844	727
845	669
846	705
847	750
848	711
849	660
850	673
851	696
852	672
853	640
854	654
855	669
856	643
857	617
858	629
859	602
860	599
861	608
862	646
863	594
864	583
865	565
866	576
867	563
868	558
869	593
870	543
871	570
872	546
873	538
874	551
875	550
876	558
877	541
878	533
879	521
880	500
881	539
882	486
883	521
884	508
885	527
886	491
887	501
888	475
889	528
890	498
891	467
892	478
893	491
894	520
895	457
896	464
897	462
898	460
899	453
900	436
901	412
902	460
903	419
904	440
905	428
906	434
907	410
908	440
909	415
910	405
911	405
912	418
913	403
914	403
915	375
916	415
917	422
918	419
919	413
920	368
921	379
922	409
923	378
924	382
925	337
926	340
927	393
928	372
929	382
930	386
931	360
932	371
933	359
934	335
935	374
936	362
937	323
938	357
939	347
940	343
941	356
942	307
943	333
944	341
945	310
946	352
947	305
948	322
949	323
950	310
951	298
952	326
953	303
954	329
955	296
956	301
957	301
958	332
959	272
960	298
961	306
962	279
963	282
964	280
965	306
966	315
967	279
968	284
969	281
970	286
971	274
972	299
973	278
974	225
975	272
976	268
977	232
978	258
979	262
980	240
981	269
982	281
983	278
984	264
985	247
986	231

