## HISTOGRAM	java.lang.Integer
coverage	high_quality_coverage_count
0	119341536
1	50879379
2	101587394
3	166614711
4	229969706
5	277301724
6	299982538
7	296076393
8	270071544
9	229758234
10	183551560
11	138273131
12	99011538
13	67613456
14	44292685
15	28001553
16	17286611
17	10503710
18	6386859
19	3942019
20	2513525
21	1670867
22	1174849
23	873195
24	682339
25	547024
26	446963
27	376208
28	318312
29	276135
30	241823
31	213691
32	191403
33	171431
34	155885
35	141412
36	126513
37	115530
38	107132
39	97513
40	89654
41	82945
42	78123
43	72954
44	66535
45	63157
46	59123
47	55850
48	52291
49	48601
50	45852
51	42971
52	40404
53	37919
54	36167
55	34157
56	31678
57	30026
58	29126
59	26882
60	25479
61	23989
62	23448
63	22346
64	21059
65	19496
66	18594
67	17836
68	17182
69	16172
70	15550
71	14612
72	14093
73	13004
74	12705
75	12001
76	11356
77	11061
78	10670
79	10550
80	10463
81	9787
82	9320
83	9229
84	8915
85	8074
86	7930
87	7912
88	7370
89	7167
90	6633
91	6322
92	5960
93	5666
94	5458
95	5226
96	5313
97	5138
98	4802
99	4530
100	4603
101	4567
102	4355
103	4369
104	4235
105	3892
106	3787
107	3745
108	3705
109	3604
110	3724
111	3583
112	3562
113	3282
114	3110
115	3006
116	2930
117	2843
118	2618
119	2472
120	2495
121	2595
122	2481
123	2515
124	2374
125	2447
126	2285
127	2270
128	2330
129	2328
130	2328
131	2270
132	2237
133	2204
134	2241
135	1954
136	1933
137	1948
138	1808
139	1838
140	1734
141	1697
142	1731
143	1693
144	1671
145	1622
146	1472
147	1532
148	1492
149	1531
150	1446
151	1508
152	1416
153	1495
154	1433
155	1591
156	1502
157	1312
158	1178
159	1203
160	1163
161	1265
162	1205
163	1128
164	1233
165	1107
166	1166
167	1076
168	1118
169	1122
170	1036
171	945
172	990
173	968
174	975
175	919
176	933
177	929
178	948
179	840
180	862
181	816
182	726
183	704
184	696
185	687
186	718
187	684
188	746
189	682
190	720
191	736
192	658
193	707
194	745
195	745
196	741
197	749
198	697
199	658
200	683
201	698
202	676
203	698
204	719
205	620
206	732
207	699
208	700
209	721
210	663
211	719
212	674
213	639
214	641
215	626
216	626
217	657
218	607
219	673
220	613
221	620
222	661
223	624
224	641
225	667
226	705
227	672
228	668
229	612
230	560
231	538
232	564
233	543
234	568
235	538
236	490
237	494
238	472
239	523
240	521
241	529
242	564
243	529
244	580
245	595
246	573
247	522
248	543
249	496
250	185265

